0 1
0 4
0 5
0 8
0 10
0 12
0 14
0 17
0 19
0 21
0 23
0 29
0 30
0 31
0 33
0 34
0 35
0 37
0 39
0 41
0 42
0 50
0 52
0 59
0 60
0 61
0 63
0 64
0 65
0 66
0 72
0 73
0 78
0 83
0 84
0 88
0 89
0 90
0 95
0 96
0 98
0 99
0 100
0 101
0 102
0 103
0 104
0 106
0 107
0 109
0 113
0 120
0 123
0 124
0 126
0 131
0 132
0 133
0 140
0 141
0 144
0 145
0 150
0 152
0 153
0 156
0 158
0 159
0 167
0 170
0 172
0 175
0 177
0 182
0 183
0 184
0 185
0 187
0 189
0 190
0 192
0 195
0 196
0 197
1 6
1 7
1 13
1 14
1 17
1 18
1 19
1 20
1 24
1 26
1 28
1 29
1 30
1 31
1 32
1 33
1 34
1 36
1 38
1 41
1 42
1 44
1 48
1 51
1 53
1 55
1 57
1 58
1 59
1 61
1 63
1 66
1 67
1 68
1 69
1 71
1 75
1 76
1 81
1 85
1 87
1 88
1 89
1 92
1 94
1 97
1 100
1 102
1 103
1 104
1 105
1 106
1 107
1 109
1 110
1 111
1 115
1 117
1 125
1 127
1 128
1 131
1 133
1 136
1 137
1 142
1 143
1 144
1 146
1 151
1 152
1 153
1 154
1 156
1 160
1 162
1 163
1 165
1 168
1 170
1 175
1 176
1 177
1 178
1 180
1 182
1 183
1 184
1 186
1 187
1 189
1 190
1 191
1 193
1 194
1 199
4 3
4 5
4 6
4 7
4 9
4 10
4 11
4 12
4 14
4 17
4 18
4 20
4 21
4 24
4 26
4 28
4 31
4 34
4 39
4 42
4 43
4 45
4 48
4 49
4 54
4 55
4 57
4 60
4 61
4 63
4 64
4 66
4 67
4 71
4 72
4 76
4 83
4 85
4 86
4 87
4 88
4 91
4 92
4 94
4 95
4 97
4 98
4 99
4 101
4 103
4 104
4 105
4 114
4 115
4 117
4 119
4 120
4 123
4 126
4 127
4 131
4 132
4 135
4 139
4 141
4 142
4 145
4 146
4 147
4 148
4 149
4 153
4 157
4 158
4 163
4 166
4 168
4 169
4 172
4 176
4 180
4 182
4 185
4 186
4 188
4 189
4 196
4 198
5 2
5 3
5 10
5 14
5 15
5 19
5 25
5 27
5 31
5 35
5 38
5 39
5 40
5 41
5 42
5 43
5 44
5 45
5 46
5 48
5 49
5 50
5 51
5 55
5 56
5 58
5 59
5 61
5 63
5 64
5 66
5 67
5 68
5 69
5 72
5 73
5 74
5 75
5 77
5 78
5 79
5 83
5 86
5 92
5 93
5 94
5 96
5 98
5 99
5 100
5 105
5 106
5 108
5 109
5 110
5 111
5 112
5 113
5 114
5 115
5 117
5 120
5 121
5 122
5 124
5 125
5 128
5 129
5 132
5 134
5 136
5 138
5 139
5 141
5 142
5 147
5 148
5 150
5 152
5 153
5 154
5 155
5 157
5 158
5 165
5 166
5 167
5 169
5 170
5 171
5 172
5 173
5 175
5 177
5 178
5 179
5 187
5 188
5 195
5 196
5 197
5 199
8 3
8 9
8 11
8 20
8 22
8 23
8 24
8 25
8 27
8 28
8 29
8 31
8 33
8 34
8 35
8 38
8 39
8 44
8 46
8 50
8 51
8 52
8 60
8 63
8 66
8 67
8 69
8 74
8 75
8 78
8 83
8 84
8 87
8 88
8 89
8 90
8 93
8 97
8 98
8 100
8 102
8 103
8 104
8 105
8 106
8 108
8 110
8 111
8 112
8 113
8 114
8 117
8 118
8 119
8 125
8 127
8 131
8 132
8 139
8 142
8 144
8 147
8 148
8 149
8 150
8 151
8 154
8 155
8 156
8 157
8 158
8 162
8 163
8 168
8 170
8 171
8 172
8 175
8 177
8 179
8 185
8 190
8 191
8 192
8 193
10 2
10 7
10 11
10 17
10 20
10 21
10 22
10 23
10 28
10 29
10 30
10 31
10 32
10 33
10 34
10 36
10 37
10 39
10 40
10 41
10 43
10 46
10 50
10 51
10 52
10 53
10 57
10 62
10 63
10 64
10 69
10 73
10 74
10 77
10 78
10 83
10 84
10 86
10 89
10 90
10 92
10 93
10 94
10 95
10 98
10 99
10 101
10 105
10 108
10 109
10 110
10 111
10 112
10 116
10 118
10 119
10 121
10 123
10 125
10 126
10 127
10 128
10 129
10 131
10 132
10 133
10 135
10 136
10 138
10 139
10 140
10 144
10 148
10 149
10 150
10 152
10 158
10 159
10 163
10 165
10 167
10 169
10 171
10 172
10 174
10 175
10 179
10 181
10 183
10 184
10 186
10 187
10 195
10 199
12 2
12 3
12 6
12 11
12 13
12 15
12 16
12 17
12 18
12 20
12 22
12 23
12 24
12 25
12 26
12 27
12 28
12 31
12 32
12 34
12 36
12 37
12 38
12 39
12 40
12 43
12 46
12 47
12 48
12 49
12 51
12 53
12 54
12 55
12 57
12 58
12 60
12 61
12 62
12 63
12 70
12 74
12 81
12 83
12 87
12 88
12 89
12 91
12 92
12 94
12 95
12 100
12 101
12 107
12 110
12 112
12 115
12 116
12 118
12 120
12 121
12 124
12 130
12 131
12 133
12 134
12 135
12 137
12 139
12 142
12 143
12 150
12 151
12 152
12 153
12 154
12 155
12 156
12 158
12 160
12 162
12 164
12 165
12 170
12 171
12 172
12 173
12 175
12 177
12 178
12 179
12 182
12 184
12 185
12 186
12 187
12 189
12 191
12 194
12 196
12 199
14 2
14 7
14 9
14 13
14 15
14 16
14 17
14 19
14 20
14 22
14 23
14 25
14 27
14 29
14 30
14 33
14 35
14 36
14 37
14 38
14 40
14 42
14 43
14 49
14 50
14 53
14 54
14 57
14 58
14 62
14 64
14 67
14 68
14 70
14 71
14 72
14 74
14 76
14 77
14 79
14 80
14 81
14 82
14 83
14 84
14 87
14 88
14 92
14 93
14 95
14 96
14 97
14 100
14 101
14 106
14 109
14 111
14 112
14 114
14 118
14 120
14 121
14 124
14 127
14 134
14 135
14 136
14 137
14 138
14 140
14 142
14 145
14 146
14 147
14 148
14 150
14 151
14 154
14 155
14 156
14 157
14 160
14 161
14 162
14 166
14 169
14 170
14 172
14 173
14 175
14 178
14 181
14 184
14 185
14 189
14 190
14 191
14 195
14 196
14 198
17 3
17 7
17 11
17 13
17 18
17 19
17 21
17 24
17 25
17 26
17 27
17 29
17 33
17 34
17 35
17 37
17 38
17 39
17 42
17 43
17 46
17 48
17 51
17 52
17 54
17 56
17 57
17 58
17 59
17 60
17 62
17 63
17 64
17 65
17 66
17 67
17 68
17 69
17 71
17 72
17 73
17 74
17 75
17 77
17 78
17 81
17 82
17 83
17 84
17 85
17 86
17 92
17 94
17 99
17 100
17 101
17 105
17 106
17 108
17 110
17 114
17 118
17 123
17 124
17 125
17 128
17 129
17 130
17 132
17 133
17 138
17 141
17 142
17 144
17 149
17 153
17 155
17 156
17 163
17 164
17 166
17 170
17 171
17 173
17 174
17 176
17 177
17 184
17 186
17 187
17 189
17 190
17 191
17 192
17 193
17 194
17 198
17 199
19 2
19 3
19 7
19 15
19 16
19 22
19 23
19 24
19 25
19 27
19 29
19 30
19 32
19 40
19 44
19 48
19 50
19 52
19 53
19 54
19 56
19 58
19 59
19 62
19 63
19 65
19 66
19 67
19 68
19 69
19 70
19 72
19 75
19 76
19 78
19 79
19 82
19 84
19 85
19 88
19 91
19 92
19 94
19 95
19 96
19 97
19 98
19 99
19 100
19 102
19 105
19 107
19 108
19 110
19 111
19 114
19 115
19 116
19 118
19 119
19 122
19 125
19 128
19 130
19 131
19 136
19 137
19 139
19 140
19 142
19 146
19 151
19 152
19 154
19 157
19 158
19 159
19 161
19 165
19 166
19 167
19 172
19 173
19 178
19 179
19 182
19 184
19 188
19 190
19 191
19 196
19 197
19 198
19 199
21 2
21 7
21 11
21 15
21 20
21 26
21 28
21 29
21 30
21 31
21 33
21 36
21 37
21 39
21 45
21 47
21 50
21 51
21 52
21 55
21 56
21 57
21 60
21 64
21 65
21 67
21 68
21 72
21 74
21 79
21 81
21 82
21 83
21 84
21 85
21 86
21 87
21 88
21 90
21 91
21 92
21 93
21 94
21 97
21 99
21 101
21 104
21 106
21 107
21 108
21 109
21 110
21 111
21 112
21 113
21 115
21 116
21 117
21 118
21 119
21 121
21 122
21 123
21 126
21 131
21 134
21 137
21 140
21 141
21 142
21 143
21 144
21 146
21 148
21 149
21 150
21 154
21 155
21 158
21 160
21 163
21 168
21 170
21 172
21 173
21 176
21 177
21 178
21 180
21 181
21 185
21 188
21 189
21 191
21 192
21 194
21 195
21 197
21 199
23 2
23 6
23 7
23 16
23 22
23 24
23 25
23 26
23 30
23 31
23 36
23 39
23 40
23 41
23 44
23 45
23 46
23 47
23 49
23 53
23 54
23 55
23 56
23 58
23 60
23 64
23 65
23 66
23 67
23 68
23 70
23 71
23 74
23 77
23 79
23 82
23 83
23 84
23 86
23 87
23 90
23 95
23 97
23 99
23 100
23 101
23 102
23 103
23 104
23 105
23 107
23 109
23 111
23 112
23 117
23 118
23 119
23 121
23 123
23 127
23 129
23 132
23 134
23 135
23 137
23 139
23 140
23 142
23 144
23 146
23 148
23 149
23 150
23 151
23 153
23 154
23 156
23 157
23 158
23 159
23 160
23 161
23 165
23 166
23 167
23 168
23 170
23 173
23 175
23 176
23 177
23 178
23 179
23 180
23 186
23 188
23 189
23 192
23 194
23 199
29 7
29 9
29 11
29 13
29 25
29 26
29 30
29 31
29 32
29 33
29 35
29 38
29 39
29 40
29 41
29 44
29 45
29 47
29 48
29 49
29 52
29 53
29 55
29 57
29 59
29 61
29 62
29 63
29 67
29 71
29 73
29 75
29 76
29 78
29 79
29 81
29 83
29 84
29 86
29 89
29 90
29 92
29 93
29 94
29 96
29 98
29 102
29 104
29 107
29 108
29 110
29 111
29 116
29 118
29 119
29 122
29 124
29 127
29 128
29 131
29 132
29 133
29 135
29 136
29 137
29 141
29 143
29 145
29 146
29 152
29 153
29 154
29 155
29 156
29 157
29 159
29 161
29 162
29 169
29 171
29 172
29 174
29 178
29 180
29 182
29 183
29 184
29 186
29 187
29 189
29 191
29 193
29 194
29 195
29 198
30 3
30 6
30 7
30 15
30 18
30 24
30 25
30 27
30 28
30 34
30 36
30 37
30 41
30 42
30 44
30 46
30 47
30 48
30 49
30 51
30 52
30 53
30 54
30 55
30 56
30 58
30 61
30 63
30 64
30 65
30 67
30 72
30 77
30 78
30 79
30 80
30 81
30 82
30 83
30 84
30 88
30 92
30 95
30 97
30 99
30 100
30 101
30 102
30 103
30 106
30 107
30 108
30 111
30 113
30 118
30 119
30 120
30 121
30 122
30 123
30 127
30 128
30 130
30 131
30 134
30 135
30 137
30 138
30 140
30 141
30 143
30 145
30 147
30 149
30 150
30 152
30 154
30 159
30 161
30 162
30 163
30 164
30 165
30 170
30 172
30 173
30 176
30 178
30 179
30 180
30 181
30 183
30 184
30 185
30 186
30 188
30 189
30 191
30 193
30 194
30 195
30 196
30 198
31 6
31 9
31 18
31 26
31 35
31 36
31 38
31 41
31 45
31 52
31 53
31 58
31 59
31 61
31 66
31 67
31 69
31 71
31 73
31 76
31 78
31 80
31 81
31 82
31 83
31 84
31 85
31 86
31 91
31 93
31 95
31 99
31 101
31 103
31 105
31 106
31 109
31 111
31 114
31 116
31 118
31 119
31 120
31 125
31 126
31 127
31 129
31 130
31 132
31 134
31 135
31 137
31 139
31 141
31 143
31 144
31 145
31 148
31 149
31 151
31 152
31 153
31 155
31 156
31 157
31 159
31 161
31 163
31 165
31 166
31 167
31 168
31 169
31 171
31 172
31 173
31 175
31 176
31 178
31 179
31 181
31 183
31 186
31 187
31 188
31 189
31 191
31 193
31 194
31 195
31 196
31 198
31 199
33 2
33 3
33 6
33 7
33 9
33 13
33 15
33 18
33 20
33 25
33 26
33 27
33 32
33 34
33 37
33 38
33 41
33 42
33 43
33 46
33 47
33 48
33 49
33 51
33 52
33 59
33 60
33 66
33 67
33 69
33 71
33 72
33 73
33 78
33 79
33 81
33 83
33 88
33 91
33 93
33 95
33 97
33 101
33 102
33 106
33 109
33 113
33 116
33 117
33 118
33 119
33 120
33 122
33 123
33 124
33 128
33 129
33 130
33 131
33 132
33 134
33 136
33 138
33 139
33 141
33 142
33 145
33 148
33 151
33 153
33 156
33 160
33 161
33 162
33 165
33 166
33 167
33 169
33 170
33 172
33 174
33 175
33 178
33 181
33 182
33 183
33 185
33 195
33 196
33 197
33 198
33 199
34 2
34 3
34 11
34 16
34 20
34 24
34 25
34 26
34 27
34 32
34 35
34 37
34 38
34 39
34 40
34 44
34 49
34 50
34 53
34 54
34 57
34 59
34 60
34 61
34 67
34 68
34 69
34 75
34 76
34 77
34 79
34 80
34 82
34 87
34 89
34 90
34 91
34 92
34 95
34 96
34 97
34 98
34 102
34 103
34 104
34 105
34 106
34 108
34 112
34 119
34 120
34 124
34 127
34 130
34 132
34 133
34 134
34 136
34 138
34 141
34 142
34 143
34 144
34 146
34 147
34 151
34 152
34 154
34 158
34 159
34 161
34 165
34 166
34 167
34 168
34 170
34 174
34 176
34 177
34 178
34 179
34 181
34 182
34 184
34 186
34 187
34 189
34 190
34 196
34 197
34 198
34 199
35 2
35 7
35 9
35 13
35 20
35 22
35 24
35 26
35 27
35 28
35 32
35 36
35 41
35 43
35 46
35 48
35 49
35 51
35 52
35 55
35 57
35 58
35 59
35 61
35 62
35 63
35 64
35 65
35 66
35 67
35 68
35 70
35 71
35 72
35 73
35 74
35 75
35 78
35 80
35 81
35 84
35 85
35 86
35 87
35 89
35 90
35 91
35 99
35 103
35 104
35 105
35 107
35 108
35 109
35 111
35 112
35 114
35 115
35 116
35 117
35 119
35 120
35 121
35 123
35 126
35 127
35 128
35 130
35 131
35 132
35 133
35 134
35 135
35 139
35 140
35 141
35 142
35 144
35 149
35 150
35 152
35 154
35 156
35 157
35 160
35 164
35 165
35 166
35 167
35 169
35 176
35 177
35 178
35 179
35 181
35 182
35 183
35 184
35 186
35 189
35 190
35 191
35 192
35 193
35 194
35 195
35 197
35 199
37 2
37 7
37 13
37 16
37 24
37 26
37 27
37 28
37 39
37 40
37 43
37 47
37 48
37 49
37 50
37 54
37 55
37 56
37 57
37 61
37 63
37 64
37 65
37 66
37 67
37 69
37 72
37 73
37 74
37 75
37 79
37 82
37 84
37 85
37 86
37 87
37 90
37 91
37 95
37 96
37 97
37 98
37 100
37 104
37 105
37 106
37 108
37 109
37 112
37 113
37 114
37 115
37 116
37 117
37 118
37 119
37 120
37 121
37 123
37 124
37 125
37 126
37 127
37 130
37 131
37 132
37 133
37 135
37 140
37 142
37 145
37 148
37 149
37 152
37 156
37 159
37 160
37 161
37 162
37 164
37 165
37 168
37 169
37 170
37 174
37 175
37 176
37 177
37 179
37 181
37 184
37 185
37 186
37 187
37 188
37 189
37 194
37 196
37 198
37 199
39 2
39 6
39 7
39 9
39 11
39 13
39 22
39 24
39 26
39 27
39 36
39 38
39 40
39 41
39 42
39 44
39 48
39 49
39 51
39 52
39 54
39 55
39 56
39 57
39 61
39 62
39 63
39 68
39 70
39 73
39 75
39 77
39 78
39 79
39 82
39 83
39 85
39 86
39 89
39 90
39 93
39 94
39 95
39 96
39 97
39 99
39 101
39 105
39 106
39 111
39 113
39 115
39 116
39 117
39 119
39 122
39 123
39 124
39 130
39 135
39 141
39 144
39 145
39 146
39 149
39 150
39 151
39 152
39 153
39 154
39 155
39 156
39 163
39 168
39 169
39 170
39 171
39 173
39 175
39 179
39 181
39 182
39 184
39 185
39 187
39 188
39 193
39 196
39 199
41 3
41 6
41 9
41 13
41 16
41 22
41 24
41 25
41 27
41 28
41 40
41 43
41 44
41 45
41 46
41 48
41 53
41 57
41 58
41 63
41 64
41 65
41 66
41 67
41 68
41 69
41 70
41 71
41 76
41 77
41 82
41 85
41 90
41 91
41 95
41 98
41 99
41 100
41 101
41 102
41 103
41 105
41 106
41 107
41 110
41 111
41 112
41 114
41 117
41 118
41 120
41 121
41 123
41 124
41 126
41 127
41 128
41 130
41 131
41 138
41 141
41 145
41 150
41 151
41 152
41 153
41 155
41 159
41 160
41 161
41 163
41 170
41 171
41 179
41 180
41 182
41 185
41 186
41 188
41 190
41 196
41 197
41 199
42 3
42 7
42 15
42 20
42 22
42 32
42 44
42 46
42 47
42 48
42 49
42 50
42 51
42 55
42 56
42 58
42 59
42 60
42 63
42 64
42 65
42 66
42 68
42 70
42 72
42 75
42 77
42 81
42 85
42 87
42 88
42 91
42 92
42 93
42 94
42 95
42 97
42 98
42 101
42 104
42 105
42 106
42 107
42 109
42 111
42 115
42 119
42 120
42 121
42 123
42 124
42 125
42 128
42 130
42 131
42 134
42 135
42 136
42 137
42 140
42 141
42 145
42 146
42 148
42 153
42 154
42 155
42 158
42 160
42 161
42 162
42 164
42 166
42 167
42 168
42 169
42 170
42 171
42 176
42 180
42 182
42 183
42 185
42 186
42 188
42 189
42 190
42 191
42 192
42 193
42 194
42 195
42 196
50 9
50 11
50 13
50 16
50 18
50 25
50 36
50 43
50 44
50 45
50 46
50 49
50 51
50 53
50 54
50 56
50 57
50 59
50 63
50 64
50 66
50 67
50 72
50 73
50 74
50 75
50 77
50 79
50 83
50 84
50 86
50 87
50 89
50 90
50 91
50 96
50 98
50 99
50 101
50 103
50 104
50 105
50 106
50 107
50 108
50 109
50 110
50 111
50 112
50 113
50 115
50 117
50 119
50 121
50 125
50 128
50 139
50 140
50 141
50 142
50 150
50 152
50 153
50 155
50 159
50 161
50 162
50 163
50 164
50 165
50 168
50 169
50 170
50 172
50 173
50 177
50 179
50 184
50 185
50 187
50 188
50 189
50 190
50 193
50 194
50 196
50 199
52 3
52 7
52 13
52 15
52 16
52 20
52 24
52 27
52 28
52 38
52 45
52 48
52 56
52 59
52 61
52 63
52 65
52 66
52 67
52 68
52 71
52 72
52 73
52 77
52 78
52 82
52 84
52 88
52 89
52 93
52 94
52 96
52 99
52 102
52 104
52 107
52 112
52 114
52 115
52 116
52 119
52 122
52 123
52 124
52 126
52 130
52 131
52 132
52 136
52 138
52 139
52 140
52 144
52 145
52 146
52 148
52 149
52 150
52 154
52 155
52 158
52 160
52 161
52 163
52 164
52 165
52 166
52 168
52 169
52 170
52 172
52 175
52 176
52 178
52 179
52 180
52 181
52 182
52 183
52 184
52 187
52 189
52 191
52 192
52 196
59 2
59 3
59 7
59 20
59 22
59 24
59 26
59 27
59 28
59 38
59 43
59 44
59 45
59 47
59 48
59 49
59 51
59 54
59 55
59 58
59 62
59 65
59 66
59 67
59 68
59 69
59 71
59 74
59 75
59 77
59 79
59 83
59 84
59 85
59 87
59 91
59 94
59 97
59 99
59 102
59 105
59 107
59 108
59 109
59 113
59 115
59 117
59 118
59 119
59 121
59 123
59 125
59 126
59 127
59 134
59 135
59 136
59 137
59 138
59 139
59 140
59 142
59 145
59 147
59 155
59 156
59 157
59 158
59 160
59 162
59 164
59 165
59 166
59 167
59 169
59 174
59 176
59 178
59 179
59 180
59 181
59 184
59 186
59 189
59 190
59 191
59 193
59 194
59 196
59 197
59 199
60 2
60 7
60 9
60 11
60 13
60 32
60 36
60 38
60 40
60 43
60 45
60 48
60 49
60 54
60 57
60 64
60 66
60 67
60 70
60 73
60 74
60 75
60 78
60 79
60 83
60 84
60 85
60 86
60 87
60 89
60 90
60 91
60 93
60 94
60 95
60 98
60 99
60 100
60 102
60 103
60 106
60 109
60 111
60 112
60 113
60 115
60 116
60 118
60 119
60 120
60 124
60 125
60 126
60 127
60 128
60 129
60 131
60 132
60 133
60 139
60 140
60 144
60 146
60 150
60 152
60 154
60 155
60 156
60 157
60 158
60 160
60 163
60 166
60 169
60 171
60 172
60 175
60 178
60 180
60 181
60 185
60 186
60 189
60 191
60 192
60 195
60 197
61 2
61 3
61 7
61 13
61 16
61 18
61 20
61 26
61 32
61 40
61 43
61 46
61 47
61 48
61 51
61 53
61 55
61 57
61 58
61 62
61 63
61 64
61 67
61 68
61 69
61 70
61 74
61 76
61 77
61 84
61 87
61 88
61 89
61 92
61 93
61 97
61 99
61 101
61 103
61 106
61 108
61 109
61 111
61 114
61 119
61 120
61 121
61 122
61 123
61 124
61 125
61 129
61 130
61 131
61 132
61 135
61 138
61 139
61 142
61 144
61 145
61 149
61 151
61 153
61 154
61 155
61 157
61 160
61 164
61 166
61 167
61 168
61 172
61 174
61 175
61 177
61 179
61 180
61 181
61 185
61 186
61 187
61 189
61 190
61 191
61 195
61 196
63 2
63 3
63 6
63 7
63 9
63 11
63 18
63 20
63 22
63 26
63 32
63 36
63 38
63 46
63 47
63 49
63 54
63 56
63 57
63 62
63 64
63 66
63 69
63 71
63 74
63 75
63 77
63 81
63 82
63 84
63 86
63 89
63 90
63 91
63 93
63 94
63 95
63 96
63 97
63 99
63 100
63 102
63 103
63 108
63 109
63 110
63 112
63 113
63 115
63 116
63 117
63 119
63 122
63 125
63 126
63 129
63 133
63 134
63 135
63 137
63 140
63 141
63 142
63 143
63 144
63 145
63 146
63 147
63 148
63 150
63 152
63 154
63 155
63 156
63 157
63 158
63 159
63 160
63 162
63 165
63 166
63 168
63 169
63 170
63 171
63 173
63 174
63 175
63 176
63 177
63 179
63 182
63 183
63 186
63 187
63 192
63 194
63 195
63 196
63 198
64 15
64 18
64 24
64 25
64 26
64 27
64 28
64 32
64 36
64 44
64 45
64 46
64 47
64 48
64 51
64 54
64 55
64 58
64 62
64 66
64 68
64 69
64 70
64 71
64 73
64 78
64 80
64 81
64 82
64 84
64 90
64 91
64 93
64 95
64 97
64 98
64 99
64 101
64 102
64 103
64 105
64 106
64 107
64 108
64 109
64 114
64 116
64 119
64 124
64 126
64 127
64 128
64 129
64 130
64 132
64 135
64 138
64 140
64 141
64 143
64 145
64 148
64 149
64 150
64 154
64 155
64 157
64 158
64 159
64 160
64 161
64 163
64 164
64 167
64 168
64 172
64 176
64 177
64 178
64 180
64 181
64 183
64 184
64 185
64 186
64 187
64 190
64 191
64 192
64 195
64 196
64 197
64 199
65 6
65 7
65 9
65 13
65 18
65 20
65 22
65 24
65 38
65 43
65 44
65 45
65 46
65 48
65 51
65 54
65 56
65 66
65 70
65 72
65 76
65 77
65 78
65 79
65 80
65 83
65 85
65 87
65 95
65 96
65 97
65 98
65 99
65 101
65 102
65 103
65 106
65 108
65 109
65 110
65 111
65 112
65 113
65 115
65 118
65 119
65 120
65 121
65 122
65 130
65 131
65 133
65 135
65 137
65 138
65 140
65 141
65 143
65 144
65 145
65 146
65 150
65 151
65 153
65 154
65 156
65 157
65 159
65 161
65 162
65 164
65 165
65 166
65 167
65 173
65 174
65 175
65 176
65 177
65 182
65 184
65 188
65 190
65 192
65 193
65 194
65 195
65 198
65 199
66 2
66 3
66 6
66 7
66 9
66 13
66 15
66 18
66 24
66 26
66 27
66 28
66 36
66 43
66 44
66 46
66 48
66 49
66 57
66 58
66 62
66 67
66 68
66 70
66 72
66 73
66 77
66 80
66 81
66 82
66 89
66 91
66 94
66 95
66 97
66 98
66 99
66 100
66 101
66 102
66 103
66 105
66 106
66 107
66 108
66 111
66 113
66 114
66 115
66 116
66 117
66 118
66 119
66 126
66 127
66 129
66 131
66 134
66 137
66 139
66 140
66 143
66 144
66 146
66 148
66 149
66 150
66 152
66 153
66 154
66 157
66 158
66 159
66 160
66 161
66 162
66 165
66 166
66 167
66 169
66 178
66 179
66 180
66 181
66 183
66 184
66 187
66 193
66 194
66 195
66 196
66 198
72 2
72 6
72 11
72 15
72 20
72 24
72 26
72 28
72 43
72 44
72 51
72 55
72 58
72 67
72 75
72 76
72 77
72 78
72 79
72 81
72 82
72 83
72 84
72 86
72 89
72 96
72 97
72 99
72 102
72 107
72 108
72 109
72 110
72 111
72 112
72 113
72 117
72 118
72 122
72 124
72 125
72 128
72 129
72 130
72 131
72 132
72 134
72 136
72 137
72 140
72 141
72 143
72 144
72 145
72 147
72 150
72 151
72 152
72 153
72 154
72 157
72 159
72 162
72 165
72 166
72 168
72 170
72 174
72 175
72 180
72 184
72 187
72 192
72 195
72 196
72 198
73 2
73 16
73 22
73 24
73 25
73 26
73 28
73 36
73 43
73 44
73 45
73 46
73 48
73 49
73 53
73 55
73 56
73 58
73 67
73 68
73 71
73 74
73 81
73 82
73 84
73 85
73 86
73 90
73 92
73 94
73 95
73 97
73 100
73 101
73 102
73 103
73 107
73 109
73 110
73 112
73 113
73 114
73 115
73 116
73 117
73 121
73 126
73 127
73 128
73 131
73 132
73 135
73 136
73 138
73 140
73 144
73 150
73 153
73 154
73 159
73 161
73 162
73 163
73 165
73 167
73 168
73 169
73 170
73 173
73 175
73 176
73 180
73 183
73 184
73 187
73 188
73 189
73 194
78 2
78 3
78 6
78 7
78 9
78 13
78 20
78 24
78 26
78 28
78 32
78 38
78 40
78 43
78 44
78 46
78 51
78 53
78 55
78 56
78 68
78 69
78 70
78 71
78 74
78 75
78 77
78 79
78 81
78 82
78 86
78 92
78 93
78 95
78 96
78 97
78 98
78 103
78 107
78 108
78 113
78 114
78 115
78 116
78 117
78 118
78 119
78 122
78 123
78 124
78 126
78 127
78 132
78 133
78 134
78 135
78 136
78 137
78 139
78 142
78 144
78 145
78 146
78 148
78 152
78 153
78 154
78 155
78 160
78 161
78 163
78 169
78 170
78 171
78 172
78 175
78 177
78 180
78 181
78 182
78 184
78 185
78 186
78 189
78 190
78 191
78 194
78 196
78 199
83 2
83 9
83 13
83 15
83 16
83 25
83 27
83 36
83 43
83 44
83 45
83 46
83 57
83 58
83 67
83 69
83 70
83 71
83 77
83 79
83 84
83 87
83 89
83 90
83 91
83 92
83 93
83 96
83 97
83 98
83 99
83 100
83 101
83 104
83 105
83 106
83 108
83 110
83 112
83 116
83 118
83 119
83 120
83 128
83 130
83 131
83 132
83 133
83 135
83 137
83 138
83 139
83 141
83 143
83 150
83 151
83 152
83 153
83 154
83 155
83 156
83 157
83 159
83 161
83 162
83 172
83 173
83 176
83 178
83 182
83 185
83 187
83 188
83 191
83 196
83 197
83 199
84 9
84 11
84 24
84 25
84 26
84 43
84 46
84 49
84 58
84 62
84 67
84 68
84 70
84 77
84 79
84 81
84 85
84 86
84 87
84 88
84 91
84 93
84 94
84 95
84 97
84 100
84 103
84 105
84 106
84 108
84 109
84 110
84 112
84 114
84 115
84 116
84 117
84 118
84 119
84 120
84 121
84 122
84 123
84 124
84 125
84 131
84 133
84 135
84 138
84 142
84 143
84 146
84 148
84 149
84 150
84 152
84 153
84 156
84 157
84 158
84 159
84 161
84 162
84 163
84 164
84 166
84 167
84 168
84 170
84 171
84 172
84 174
84 177
84 180
84 183
84 184
84 186
84 187
84 188
84 189
84 191
84 193
84 194
84 196
84 198
88 7
88 13
88 15
88 26
88 27
88 28
88 43
88 44
88 45
88 49
88 55
88 58
88 67
88 71
88 74
88 75
88 76
88 79
88 86
88 87
88 89
88 93
88 95
88 96
88 97
88 103
88 105
88 108
88 109
88 110
88 111
88 113
88 114
88 116
88 117
88 118
88 121
88 122
88 124
88 126
88 127
88 129
88 130
88 134
88 137
88 140
88 145
88 146
88 147
88 149
88 150
88 152
88 153
88 154
88 155
88 161
88 164
88 165
88 166
88 171
88 174
88 175
88 176
88 178
88 180
88 181
88 182
88 183
88 184
88 186
88 187
88 191
88 193
88 194
88 197
88 198
89 3
89 9
89 11
89 20
89 25
89 26
89 40
89 43
89 44
89 45
89 48
89 49
89 51
89 53
89 56
89 57
89 58
89 70
89 71
89 75
89 76
89 80
89 81
89 85
89 86
89 92
89 94
89 95
89 98
89 99
89 101
89 102
89 103
89 108
89 109
89 112
89 113
89 114
89 115
89 116
89 117
89 118
89 125
89 126
89 129
89 131
89 132
89 133
89 134
89 136
89 138
89 139
89 142
89 143
89 144
89 145
89 146
89 147
89 149
89 152
89 153
89 155
89 156
89 157
89 160
89 163
89 164
89 170
89 171
89 174
89 175
89 176
89 177
89 178
89 180
89 182
89 184
89 185
89 186
89 188
89 190
89 191
89 192
89 195
89 196
89 197
89 199
90 2
90 6
90 11
90 15
90 16
90 18
90 25
90 26
90 38
90 40
90 45
90 49
90 53
90 54
90 56
90 62
90 67
90 69
90 70
90 74
90 75
90 76
90 79
90 81
90 91
90 93
90 94
90 96
90 97
90 102
90 103
90 106
90 111
90 112
90 114
90 116
90 117
90 118
90 119
90 120
90 122
90 130
90 131
90 132
90 134
90 139
90 143
90 145
90 148
90 151
90 154
90 155
90 157
90 161
90 162
90 165
90 170
90 173
90 175
90 176
90 178
90 182
90 183
90 185
90 186
90 191
90 192
90 194
90 197
90 199
95 2
95 18
95 24
95 25
95 27
95 28
95 36
95 38
95 40
95 44
95 46
95 51
95 54
95 55
95 62
95 68
95 69
95 71
95 74
95 75
95 77
95 81
95 82
95 85
95 86
95 91
95 92
95 96
95 98
95 99
95 101
95 105
95 107
95 108
95 110
95 111
95 114
95 117
95 118
95 120
95 121
95 122
95 123
95 124
95 125
95 128
95 129
95 130
95 131
95 133
95 135
95 136
95 139
95 140
95 141
95 142
95 144
95 147
95 150
95 153
95 157
95 160
95 161
95 165
95 166
95 167
95 170
95 171
95 172
95 174
95 175
95 177
95 181
95 186
95 187
95 189
95 190
95 192
95 194
95 198
95 199
96 3
96 7
96 11
96 13
96 16
96 20
96 25
96 38
96 43
96 44
96 46
96 55
96 56
96 67
96 69
96 70
96 71
96 74
96 75
96 76
96 77
96 80
96 81
96 82
96 85
96 86
96 87
96 94
96 97
96 98
96 99
96 101
96 102
96 103
96 104
96 106
96 112
96 113
96 114
96 116
96 117
96 120
96 121
96 122
96 125
96 126
96 127
96 128
96 130
96 133
96 135
96 137
96 139
96 140
96 141
96 142
96 146
96 147
96 148
96 149
96 153
96 154
96 155
96 156
96 157
96 160
96 161
96 162
96 163
96 166
96 167
96 170
96 172
96 173
96 174
96 177
96 179
96 180
96 181
96 182
96 184
96 186
96 188
96 190
96 191
96 192
96 193
96 195
96 196
96 199
98 3
98 9
98 13
98 16
98 20
98 22
98 25
98 26
98 28
98 32
98 38
98 43
98 44
98 45
98 46
98 49
98 53
98 54
98 56
98 67
98 69
98 70
98 74
98 75
98 79
98 80
98 85
98 86
98 87
98 91
98 92
98 99
98 103
98 107
98 108
98 109
98 112
98 115
98 116
98 117
98 118
98 122
98 123
98 124
98 125
98 126
98 129
98 130
98 131
98 132
98 135
98 137
98 139
98 140
98 143
98 144
98 148
98 152
98 154
98 156
98 158
98 159
98 160
98 161
98 162
98 164
98 165
98 168
98 172
98 173
98 174
98 176
98 181
98 182
98 185
98 187
98 188
98 189
98 195
99 9
99 13
99 16
99 20
99 25
99 26
99 28
99 32
99 43
99 47
99 53
99 54
99 57
99 69
99 70
99 71
99 74
99 75
99 76
99 82
99 85
99 87
99 94
99 100
99 101
99 102
99 103
99 107
99 109
99 110
99 112
99 113
99 116
99 117
99 119
99 122
99 123
99 133
99 134
99 135
99 137
99 140
99 144
99 145
99 147
99 148
99 150
99 152
99 155
99 156
99 157
99 159
99 160
99 161
99 164
99 167
99 171
99 172
99 173
99 174
99 178
99 179
99 180
99 183
99 186
99 188
99 193
99 195
99 198
100 2
100 6
100 7
100 9
100 13
100 18
100 20
100 24
100 25
100 27
100 43
100 45
100 47
100 48
100 49
100 51
100 53
100 56
100 57
100 62
100 68
100 69
100 76
100 77
100 81
100 85
100 86
100 93
100 97
100 102
100 106
100 110
100 111
100 112
100 113
100 114
100 117
100 120
100 123
100 125
100 126
100 127
100 128
100 130
100 131
100 133
100 137
100 139
100 140
100 141
100 142
100 143
100 144
100 145
100 146
100 148
100 149
100 150
100 153
100 157
100 158
100 160
100 161
100 163
100 167
100 172
100 173
100 174
100 176
100 179
100 181
100 182
100 184
100 187
100 190
100 191
100 195
100 196
100 197
100 198
101 6
101 9
101 11
101 18
101 20
101 22
101 26
101 32
101 36
101 40
101 44
101 45
101 47
101 48
101 53
101 56
101 57
101 67
101 71
101 74
101 75
101 77
101 79
101 81
101 82
101 85
101 86
101 91
101 92
101 97
101 103
101 106
101 108
101 109
101 110
101 114
101 115
101 116
101 118
101 122
101 125
101 126
101 127
101 128
101 129
101 131
101 132
101 133
101 135
101 137
101 140
101 142
101 143
101 146
101 147
101 148
101 153
101 154
101 155
101 157
101 160
101 161
101 162
101 164
101 166
101 167
101 170
101 171
101 174
101 175
101 176
101 177
101 179
101 180
101 182
101 188
101 189
101 191
101 193
101 195
101 197
102 6
102 7
102 11
102 13
102 15
102 18
102 24
102 25
102 28
102 40
102 43
102 44
102 45
102 47
102 48
102 49
102 51
102 56
102 58
102 62
102 68
102 71
102 74
102 75
102 79
102 80
102 86
102 87
102 91
102 92
102 93
102 97
102 103
102 106
102 107
102 109
102 113
102 115
102 116
102 118
102 119
102 120
102 121
102 122
102 123
102 125
102 126
102 128
102 129
102 132
102 136
102 137
102 138
102 142
102 143
102 144
102 147
102 149
102 152
102 153
102 161
102 163
102 164
102 165
102 167
102 168
102 172
102 173
102 175
102 176
102 177
102 178
102 180
102 181
102 182
102 183
102 186
102 187
102 188
102 189
102 192
102 193
102 194
102 195
102 196
102 198
102 199
103 7
103 13
103 15
103 18
103 20
103 24
103 26
103 32
103 36
103 43
103 46
103 47
103 48
103 58
103 67
103 71
103 74
103 75
103 76
103 77
103 79
103 80
103 82
103 85
103 91
103 106
103 107
103 109
103 112
103 113
103 114
103 117
103 120
103 121
103 122
103 123
103 124
103 125
103 127
103 130
103 131
103 133
103 136
103 138
103 139
103 140
103 141
103 143
103 144
103 146
103 148
103 151
103 152
103 157
103 172
103 181
103 183
103 184
103 185
103 188
103 189
103 193
103 196
103 197
103 198
103 199
104 3
104 6
104 7
104 9
104 13
104 18
104 20
104 22
104 25
104 26
104 38
104 40
104 43
104 44
104 45
104 47
104 53
104 54
104 55
104 62
104 69
104 75
104 77
104 79
104 81
104 85
104 87
104 91
104 93
104 105
104 110
104 111
104 112
104 113
104 115
104 116
104 117
104 120
104 121
104 123
104 125
104 126
104 127
104 129
104 132
104 133
104 134
104 135
104 136
104 137
104 138
104 139
104 140
104 141
104 143
104 145
104 146
104 147
104 148
104 150
104 154
104 157
104 158
104 159
104 160
104 161
104 164
104 165
104 166
104 169
104 173
104 174
104 177
104 180
104 181
104 183
104 185
104 186
104 187
104 190
104 191
104 192
104 193
104 194
104 195
104 197
106 7
106 11
106 13
106 15
106 18
106 24
106 25
106 27
106 28
106 32
106 36
106 40
106 43
106 44
106 45
106 47
106 49
106 53
106 54
106 55
106 57
106 58
106 68
106 69
106 71
106 77
106 79
106 80
106 91
106 93
106 97
106 108
106 109
106 110
106 112
106 113
106 114
106 115
106 116
106 123
106 124
106 128
106 129
106 130
106 131
106 132
106 135
106 137
106 138
106 140
106 142
106 145
106 146
106 148
106 149
106 152
106 153
106 155
106 160
106 165
106 167
106 170
106 177
106 178
106 179
106 180
106 181
106 183
106 185
106 189
106 191
106 193
106 195
106 198
106 199
107 2
107 3
107 16
107 20
107 24
107 26
107 27
107 28
107 32
107 38
107 44
107 45
107 46
107 47
107 48
107 51
107 53
107 54
107 58
107 62
107 68
107 75
107 77
107 79
107 80
107 81
107 85
107 87
107 91
107 92
107 97
107 109
107 110
107 112
107 115
107 117
107 118
107 120
107 123
107 124
107 125
107 126
107 129
107 130
107 131
107 132
107 133
107 140
107 141
107 146
107 147
107 149
107 151
107 152
107 153
107 155
107 157
107 159
107 160
107 161
107 164
107 169
107 170
107 171
107 174
107 175
107 177
107 180
107 181
107 182
107 183
107 184
107 186
107 187
107 188
107 189
107 190
107 191
107 192
107 196
107 197
109 2
109 7
109 9
109 11
109 15
109 18
109 25
109 26
109 28
109 38
109 40
109 43
109 45
109 46
109 49
109 51
109 53
109 54
109 55
109 56
109 58
109 62
109 67
109 69
109 70
109 76
109 77
109 79
109 82
109 86
109 87
109 91
109 97
109 111
109 113
109 116
109 117
109 120
109 127
109 129
109 131
109 133
109 135
109 137
109 140
109 141
109 142
109 143
109 144
109 145
109 146
109 147
109 149
109 150
109 151
109 152
109 156
109 158
109 160
109 162
109 163
109 165
109 166
109 167
109 169
109 170
109 172
109 175
109 176
109 177
109 179
109 180
109 181
109 182
109 183
109 184
109 185
109 186
109 193
109 195
109 196
109 197
113 3
113 6
113 7
113 11
113 13
113 15
113 16
113 18
113 25
113 26
113 43
113 44
113 47
113 51
113 54
113 58
113 62
113 68
113 71
113 75
113 76
113 80
113 85
113 87
113 94
113 105
113 108
113 115
113 117
113 118
113 119
113 120
113 125
113 126
113 127
113 129
113 136
113 137
113 140
113 143
113 144
113 146
113 150
113 151
113 152
113 153
113 155
113 157
113 159
113 162
113 164
113 165
113 167
113 168
113 177
113 180
113 181
113 183
113 184
113 185
113 186
113 189
113 194
113 195
113 199
120 6
120 11
120 13
120 16
120 26
120 32
120 36
120 40
120 47
120 49
120 55
120 56
120 58
120 68
120 69
120 76
120 80
120 86
120 87
120 91
120 92
120 93
120 94
120 97
120 108
120 110
120 111
120 114
120 115
120 118
120 121
120 123
120 125
120 126
120 128
120 130
120 133
120 134
120 135
120 136
120 138
120 141
120 144
120 145
120 148
120 149
120 150
120 153
120 154
120 155
120 156
120 159
120 161
120 162
120 164
120 165
120 172
120 174
120 175
120 177
120 178
120 184
120 185
120 186
120 190
120 191
120 192
120 193
120 194
120 195
120 199
123 2
123 6
123 11
123 13
123 16
123 18
123 20
123 24
123 25
123 26
123 32
123 40
123 43
123 45
123 46
123 47
123 48
123 51
123 54
123 57
123 58
123 62
123 67
123 68
123 70
123 74
123 75
123 77
123 79
123 80
123 81
123 85
123 87
123 93
123 97
123 111
123 115
123 116
123 117
123 119
123 121
123 122
123 126
123 128
123 131
123 132
123 135
123 136
123 137
123 139
123 144
123 145
123 146
123 149
123 152
123 154
123 156
123 161
123 162
123 163
123 165
123 169
123 170
123 171
123 174
123 176
123 181
123 184
123 185
123 187
123 188
123 189
123 192
123 194
123 196
123 199
124 2
124 7
124 11
124 15
124 20
124 22
124 24
124 27
124 28
124 32
124 36
124 38
124 40
124 43
124 45
124 46
124 47
124 49
124 54
124 56
124 58
124 68
124 76
124 79
124 81
124 87
124 94
124 97
124 114
124 115
124 117
124 118
124 119
124 121
124 122
124 126
124 128
124 129
124 132
124 133
124 134
124 137
124 138
124 139
124 141
124 142
124 145
124 148
124 150
124 153
124 154
124 156
124 157
124 159
124 160
124 161
124 162
124 170
124 171
124 173
124 174
124 175
124 177
124 180
124 181
124 183
124 185
124 187
124 191
124 194
124 195
124 196
124 197
124 199
126 7
126 9
126 11
126 13
126 22
126 27
126 28
126 32
126 36
126 38
126 40
126 46
126 47
126 48
126 49
126 51
126 53
126 56
126 58
126 62
126 71
126 74
126 75
126 76
126 82
126 85
126 86
126 87
126 91
126 92
126 108
126 110
126 112
126 118
126 119
126 125
126 127
126 128
126 129
126 134
126 139
126 140
126 141
126 142
126 147
126 150
126 153
126 154
126 159
126 162
126 163
126 165
126 168
126 169
126 170
126 171
126 173
126 174
126 177
126 182
126 183
126 184
126 188
126 189
126 191
126 192
126 193
126 194
126 196
126 199
131 2
131 9
131 16
131 20
131 22
131 27
131 28
131 32
131 36
131 40
131 43
131 55
131 56
131 62
131 67
131 71
131 74
131 75
131 76
131 77
131 79
131 81
131 85
131 86
131 87
131 91
131 94
131 112
131 114
131 115
131 117
131 121
131 125
131 127
131 128
131 129
131 130
131 133
131 134
131 137
131 138
131 140
131 141
131 147
131 148
131 149
131 154
131 156
131 157
131 158
131 160
131 161
131 163
131 164
131 165
131 166
131 168
131 169
131 170
131 171
131 173
131 175
131 178
131 180
131 183
131 185
131 189
131 195
131 196
132 7
132 9
132 13
132 15
132 16
132 22
132 24
132 26
132 36
132 43
132 44
132 46
132 47
132 48
132 51
132 53
132 54
132 55
132 56
132 57
132 58
132 62
132 68
132 70
132 71
132 75
132 77
132 81
132 85
132 87
132 91
132 111
132 112
132 114
132 116
132 127
132 128
132 130
132 133
132 134
132 136
132 137
132 138
132 142
132 144
132 146
132 147
132 148
132 150
132 151
132 152
132 154
132 158
132 159
132 162
132 164
132 166
132 167
132 168
132 170
132 172
132 173
132 175
132 176
132 178
132 182
132 188
132 189
132 193
132 194
133 2
133 6
133 7
133 9
133 13
133 15
133 18
133 22
133 25
133 28
133 40
133 43
133 45
133 46
133 49
133 51
133 53
133 55
133 57
133 67
133 68
133 69
133 70
133 75
133 76
133 77
133 79
133 81
133 82
133 85
133 87
133 92
133 93
133 105
133 110
133 117
133 118
133 121
133 122
133 125
133 130
133 135
133 137
133 140
133 141
133 142
133 143
133 146
133 155
133 156
133 158
133 159
133 163
133 164
133 166
133 169
133 173
133 175
133 177
133 178
133 179
133 181
133 183
133 185
133 187
133 188
133 189
133 190
133 191
133 192
133 197
133 199
140 3
140 6
140 9
140 18
140 20
140 24
140 25
140 28
140 32
140 36
140 38
140 40
140 44
140 45
140 51
140 53
140 56
140 57
140 58
140 62
140 67
140 68
140 70
140 71
140 76
140 77
140 85
140 93
140 94
140 97
140 105
140 127
140 128
140 134
140 136
140 137
140 145
140 146
140 148
140 149
140 150
140 151
140 152
140 156
140 157
140 158
140 160
140 165
140 166
140 167
140 169
140 170
140 173
140 176
140 180
140 182
140 184
140 185
140 187
140 188
140 191
140 192
140 195
140 196
141 2
141 3
141 7
141 9
141 20
141 22
141 24
141 25
141 26
141 43
141 45
141 46
141 47
141 48
141 51
141 55
141 56
141 57
141 67
141 68
141 69
141 70
141 71
141 76
141 79
141 81
141 82
141 85
141 87
141 91
141 93
141 94
141 110
141 111
141 112
141 114
141 115
141 116
141 127
141 128
141 130
141 134
141 136
141 138
141 139
141 142
141 143
141 145
141 146
141 147
141 150
141 155
141 157
141 158
141 160
141 161
141 163
141 165
141 166
141 167
141 169
141 170
141 172
141 173
141 177
141 178
141 180
141 182
141 183
141 187
141 188
141 189
141 190
141 192
141 194
141 195
141 196
141 197
141 199
144 2
144 3
144 7
144 9
144 11
144 13
144 18
144 22
144 24
144 26
144 27
144 28
144 44
144 46
144 47
144 54
144 55
144 62
144 67
144 75
144 76
144 79
144 80
144 86
144 87
144 91
144 108
144 112
144 114
144 115
144 117
144 121
144 127
144 136
144 142
144 143
144 145
144 151
144 152
144 160
144 161
144 162
144 163
144 164
144 167
144 170
144 176
144 179
144 185
144 186
144 190
144 192
144 194
144 199
145 3
145 6
145 7
145 15
145 16
145 18
145 20
145 22
145 24
145 25
145 27
145 32
145 36
145 38
145 48
145 49
145 53
145 55
145 56
145 62
145 74
145 79
145 80
145 81
145 82
145 85
145 86
145 87
145 93
145 105
145 110
145 115
145 116
145 119
145 129
145 134
145 136
145 142
145 146
145 147
145 148
145 151
145 152
145 153
145 156
145 157
145 160
145 161
145 164
145 166
145 169
145 171
145 172
145 173
145 174
145 175
145 177
145 179
145 181
145 184
145 186
145 187
145 190
145 191
145 194
145 198
150 2
150 6
150 7
150 15
150 16
150 18
150 25
150 26
150 27
150 28
150 32
150 40
150 51
150 53
150 54
150 56
150 62
150 70
150 71
150 75
150 77
150 81
150 82
150 85
150 92
150 93
150 94
150 97
150 110
150 114
150 115
150 116
150 117
150 119
150 125
150 128
150 130
150 137
150 139
150 146
150 149
150 151
150 152
150 154
150 157
150 158
150 162
150 163
150 165
150 170
150 173
150 175
150 178
150 179
150 180
150 181
150 183
150 184
150 186
150 187
150 188
150 189
150 192
150 193
150 194
150 195
150 196
150 199
152 6
152 9
152 11
152 20
152 22
152 25
152 26
152 27
152 28
152 36
152 40
152 43
152 45
152 51
152 54
152 67
152 75
152 76
152 77
152 79
152 80
152 85
152 87
152 92
152 94
152 97
152 105
152 111
152 112
152 117
152 125
152 128
152 130
152 135
152 139
152 142
152 146
152 147
152 149
152 153
152 159
152 160
152 161
152 166
152 168
152 171
152 172
152 173
152 174
152 178
152 180
152 182
152 183
152 184
152 186
152 187
152 188
152 190
152 191
152 193
152 194
152 195
152 196
152 198
153 3
153 9
153 13
153 15
153 16
153 20
153 22
153 24
153 25
153 27
153 28
153 32
153 40
153 44
153 45
153 46
153 49
153 54
153 55
153 56
153 57
153 62
153 67
153 69
153 74
153 76
153 77
153 79
153 82
153 86
153 91
153 108
153 110
153 112
153 117
153 118
153 125
153 127
153 134
153 135
153 136
153 137
153 139
153 146
153 156
153 158
153 160
153 161
153 162
153 166
153 167
153 168
153 171
153 172
153 179
153 180
153 181
153 185
153 190
153 191
153 193
153 194
153 195
153 196
153 198
153 199
156 2
156 13
156 16
156 20
156 24
156 27
156 38
156 40
156 47
156 48
156 55
156 57
156 68
156 70
156 71
156 74
156 76
156 77
156 81
156 85
156 86
156 108
156 111
156 114
156 118
156 121
156 125
156 127
156 128
156 135
156 139
156 143
156 148
156 149
156 157
156 158
156 160
156 163
156 164
156 165
156 166
156 167
156 169
156 172
156 174
156 176
156 177
156 179
156 180
156 181
156 183
156 186
156 187
156 188
156 189
156 190
156 194
156 198
158 2
158 3
158 6
158 7
158 9
158 11
158 15
158 16
158 22
158 25
158 26
158 28
158 36
158 38
158 40
158 43
158 44
158 45
158 46
158 51
158 54
158 55
158 56
158 57
158 58
158 67
158 68
158 69
158 70
158 71
158 74
158 76
158 82
158 91
158 92
158 97
158 111
158 115
158 118
158 122
158 127
158 128
158 129
158 135
158 137
158 142
158 146
158 148
158 149
158 151
158 154
158 155
158 159
158 164
158 166
158 167
158 168
158 169
158 170
158 171
158 172
158 173
158 174
158 175
158 176
158 179
158 180
158 182
158 183
158 184
158 186
158 188
158 190
158 191
158 192
158 193
158 194
158 195
158 196
158 197
159 2
159 3
159 11
159 18
159 22
159 24
159 25
159 26
159 27
159 32
159 38
159 40
159 43
159 44
159 45
159 46
159 47
159 48
159 49
159 51
159 58
159 67
159 69
159 70
159 71
159 74
159 76
159 79
159 86
159 92
159 93
159 94
159 97
159 105
159 108
159 110
159 111
159 112
159 119
159 121
159 122
159 125
159 129
159 130
159 135
159 147
159 148
159 149
159 151
159 157
159 160
159 162
159 164
159 166
159 167
159 168
159 176
159 179
159 180
159 181
159 182
159 183
159 185
159 188
159 192
159 195
159 196
159 198
167 2
167 3
167 7
167 9
167 11
167 15
167 22
167 25
167 27
167 28
167 32
167 46
167 48
167 49
167 51
167 53
167 54
167 62
167 67
167 68
167 69
167 71
167 79
167 80
167 87
167 91
167 94
167 97
167 111
167 112
167 117
167 121
167 130
167 135
167 136
167 137
167 148
167 149
167 151
167 154
167 155
167 160
167 162
167 164
167 165
167 168
167 169
167 170
167 172
167 173
167 177
167 180
167 182
167 183
167 185
167 186
167 190
167 192
167 193
167 195
167 197
167 199
170 2
170 3
170 6
170 9
170 13
170 15
170 18
170 22
170 24
170 27
170 28
170 38
170 46
170 48
170 49
170 56
170 57
170 68
170 69
170 70
170 71
170 74
170 76
170 79
170 86
170 87
170 92
170 94
170 105
170 108
170 110
170 111
170 112
170 116
170 117
170 118
170 125
170 127
170 128
170 130
170 134
170 139
170 142
170 143
170 147
170 149
170 155
170 160
170 162
170 163
170 169
170 172
170 176
170 177
170 179
170 181
170 184
170 185
170 186
170 189
170 191
170 193
170 195
170 197
170 198
172 2
172 6
172 11
172 13
172 16
172 18
172 22
172 24
172 26
172 27
172 28
172 36
172 40
172 43
172 44
172 45
172 46
172 47
172 48
172 51
172 53
172 54
172 58
172 69
172 74
172 75
172 79
172 91
172 94
172 97
172 105
172 111
172 115
172 117
172 119
172 125
172 127
172 130
172 135
172 136
172 137
172 138
172 139
172 142
172 143
172 147
172 151
172 155
172 160
172 161
172 163
172 164
172 166
172 168
172 169
172 171
172 178
172 180
172 182
172 184
172 186
172 187
172 191
172 198
175 2
175 7
175 13
175 16
175 18
175 25
175 26
175 28
175 38
175 40
175 43
175 44
175 45
175 48
175 49
175 51
175 57
175 68
175 69
175 70
175 71
175 76
175 77
175 80
175 81
175 82
175 85
175 87
175 91
175 92
175 93
175 105
175 108
175 110
175 112
175 115
175 116
175 118
175 119
175 127
175 128
175 129
175 134
175 135
175 139
175 149
175 154
175 155
175 161
175 163
175 166
175 168
175 169
175 174
175 178
175 179
175 180
175 183
175 185
175 187
175 188
175 189
175 191
175 193
175 195
177 2
177 6
177 7
177 9
177 16
177 18
177 22
177 25
177 26
177 28
177 38
177 40
177 49
177 51
177 54
177 55
177 57
177 62
177 67
177 69
177 71
177 74
177 75
177 77
177 81
177 82
177 87
177 92
177 94
177 105
177 108
177 110
177 112
177 114
177 119
177 122
177 125
177 129
177 130
177 134
177 135
177 138
177 139
177 143
177 146
177 147
177 148
177 151
177 154
177 155
177 157
177 160
177 161
177 164
177 165
177 166
177 168
177 169
177 171
177 173
177 176
177 180
177 183
177 185
177 187
177 193
177 195
177 196
177 199
182 2
182 3
182 6
182 7
182 11
182 15
182 16
182 26
182 36
182 38
182 45
182 47
182 48
182 51
182 55
182 58
182 62
182 67
182 68
182 70
182 71
182 77
182 79
182 80
182 81
182 82
182 86
182 91
182 92
182 93
182 105
182 116
182 122
182 134
182 136
182 142
182 143
182 149
182 151
182 154
182 160
182 163
182 168
182 171
182 173
182 174
182 183
182 185
182 187
182 188
182 189
182 193
182 196
183 2
183 3
183 7
183 9
183 13
183 16
183 18
183 20
183 24
183 25
183 26
183 28
183 38
183 43
183 44
183 45
183 48
183 49
183 51
183 55
183 56
183 57
183 68
183 70
183 71
183 74
183 77
183 79
183 85
183 87
183 91
183 93
183 94
183 97
183 114
183 115
183 117
183 125
183 128
183 130
183 134
183 135
183 139
183 143
183 146
183 147
183 149
183 151
183 154
183 160
183 162
183 165
183 166
183 168
183 169
183 171
183 173
183 174
183 178
183 180
183 186
183 188
183 189
183 195
183 196
183 199
184 2
184 3
184 15
184 16
184 22
184 26
184 27
184 36
184 40
184 44
184 51
184 55
184 56
184 77
184 79
184 81
184 85
184 86
184 91
184 92
184 97
184 105
184 108
184 110
184 114
184 117
184 118
184 127
184 129
184 135
184 142
184 143
184 146
184 148
184 149
184 151
184 154
184 155
184 157
184 162
184 163
184 164
184 168
184 169
184 174
184 180
184 181
184 188
184 190
184 191
184 192
184 194
184 195
185 6
185 7
185 11
185 13
185 15
185 16
185 24
185 25
185 36
185 38
185 44
185 46
185 48
185 49
185 51
185 53
185 54
185 55
185 56
185 62
185 71
185 74
185 80
185 81
185 91
185 92
185 93
185 97
185 105
185 108
185 111
185 112
185 114
185 115
185 116
185 117
185 121
185 127
185 134
185 142
185 143
185 160
185 162
185 164
185 168
185 178
185 179
185 180
185 186
185 187
185 190
185 193
185 194
185 198
185 199
187 2
187 3
187 7
187 13
187 16
187 26
187 38
187 40
187 43
187 45
187 47
187 48
187 53
187 56
187 58
187 68
187 69
187 75
187 79
187 80
187 81
187 82
187 85
187 86
187 91
187 93
187 97
187 112
187 115
187 116
187 122
187 125
187 127
187 129
187 130
187 136
187 139
187 147
187 148
187 149
187 163
187 166
187 168
187 173
187 174
187 176
187 180
187 189
187 190
187 199
189 2
189 11
189 15
189 16
189 18
189 20
189 24
189 25
189 32
189 40
189 43
189 46
189 47
189 51
189 53
189 55
189 57
189 62
189 67
189 68
189 70
189 74
189 81
189 87
189 91
189 92
189 105
189 110
189 114
189 115
189 116
189 118
189 122
189 127
189 129
189 135
189 139
189 142
189 147
189 149
189 154
189 155
189 161
189 162
189 164
189 165
189 166
189 168
189 169
189 171
189 181
189 188
189 191
189 192
189 194
189 196
189 197
189 198
190 2
190 3
190 7
190 9
190 11
190 15
190 18
190 20
190 24
190 26
190 32
190 38
190 49
190 53
190 54
190 55
190 58
190 74
190 75
190 79
190 80
190 85
190 87
190 94
190 97
190 105
190 110
190 111
190 112
190 117
190 118
190 119
190 121
190 122
190 127
190 130
190 134
190 135
190 136
190 139
190 142
190 146
190 147
190 148
190 149
190 151
190 154
190 157
190 166
190 171
190 188
190 191
190 192
190 194
190 196
190 198
190 199
192 2
192 9
192 18
192 22
192 26
192 36
192 43
192 45
192 46
192 48
192 49
192 51
192 53
192 54
192 58
192 67
192 68
192 69
192 74
192 79
192 82
192 85
192 91
192 92
192 93
192 94
192 110
192 111
192 116
192 117
192 121
192 122
192 125
192 129
192 130
192 135
192 136
192 137
192 138
192 139
192 142
192 143
192 147
192 148
192 155
192 161
192 162
192 164
192 165
192 166
192 169
192 179
192 180
192 181
192 186
192 191
192 195
192 196
192 197
192 198
195 3
195 9
195 11
195 15
195 18
195 22
195 24
195 25
195 26
195 32
195 44
195 45
195 46
195 47
195 53
195 54
195 55
195 56
195 58
195 68
195 71
195 75
195 77
195 79
195 80
195 81
195 82
195 87
195 92
195 93
195 94
195 108
195 112
195 115
195 117
195 118
195 121
195 125
195 128
195 134
195 138
195 139
195 142
195 148
195 149
195 157
195 168
195 169
195 171
195 173
195 174
195 176
195 186
195 188
195 196
195 198
195 199
196 2
196 6
196 7
196 15
196 16
196 24
196 25
196 28
196 38
196 40
196 44
196 47
196 49
196 57
196 58
196 62
196 68
196 69
196 70
196 71
196 76
196 77
196 79
196 81
196 85
196 87
196 91
196 105
196 110
196 112
196 114
196 115
196 118
196 119
196 122
196 125
196 128
196 130
196 134
196 136
196 138
196 139
196 142
196 143
196 146
196 147
196 148
196 149
196 154
196 157
196 160
196 164
196 165
196 166
196 168
196 171
196 174
196 178
196 179
196 180
196 181
196 191
196 193
196 194
197 3
197 7
197 13
197 15
197 16
197 20
197 24
197 25
197 27
197 28
197 38
197 44
197 45
197 46
197 47
197 48
197 51
197 53
197 54
197 55
197 57
197 62
197 67
197 69
197 70
197 71
197 74
197 75
197 76
197 77
197 79
197 80
197 81
197 85
197 86
197 92
197 93
197 94
197 97
197 111
197 112
197 116
197 119
197 125
197 128
197 136
197 137
197 143
197 146
197 147
197 148
197 154
197 157
197 161
197 162
197 163
197 164
197 168
197 180
197 181
197 186
197 188
197 191
6 3
6 11
6 16
6 18
6 22
6 25
6 26
6 27
6 28
6 32
6 36
6 40
6 43
6 44
6 45
6 47
6 53
6 55
6 56
6 57
6 58
6 68
6 74
6 75
6 77
6 80
6 81
6 82
6 86
6 87
6 108
6 112
6 114
6 116
6 117
6 119
6 127
6 136
6 139
6 143
6 147
6 155
6 157
6 162
6 165
6 168
6 169
6 174
6 179
6 180
6 186
6 188
6 191
6 193
6 194
6 198
7 3
7 9
7 11
7 13
7 20
7 24
7 27
7 32
7 38
7 40
7 44
7 45
7 47
7 48
7 49
7 54
7 56
7 57
7 67
7 68
7 69
7 75
7 81
7 82
7 86
7 87
7 91
7 92
7 94
7 110
7 111
7 112
7 115
7 117
7 119
7 122
7 125
7 128
7 134
7 135
7 137
7 146
7 147
7 148
7 154
7 155
7 157
7 160
7 162
7 163
7 166
7 171
7 178
7 179
7 181
7 186
7 193
7 199
13 3
13 9
13 11
13 15
13 20
13 22
13 26
13 32
13 40
13 45
13 46
13 47
13 54
13 57
13 67
13 75
13 79
13 80
13 82
13 85
13 87
13 92
13 93
13 94
13 97
13 108
13 112
13 114
13 115
13 119
13 121
13 122
13 125
13 128
13 129
13 134
13 136
13 137
13 138
13 139
13 147
13 148
13 160
13 162
13 164
13 166
13 168
13 169
13 176
13 181
13 186
13 191
13 193
13 194
13 199
18 2
18 9
18 15
18 20
18 22
18 25
18 26
18 27
18 32
18 38
18 43
18 44
18 45
18 46
18 49
18 55
18 56
18 67
18 68
18 71
18 74
18 75
18 76
18 77
18 80
18 81
18 85
18 87
18 97
18 105
18 108
18 110
18 112
18 115
18 116
18 130
18 138
18 139
18 142
18 147
18 148
18 149
18 151
18 160
18 162
18 163
18 165
18 169
18 171
18 173
18 174
18 176
18 178
18 179
18 191
20 16
20 22
20 26
20 32
20 36
20 38
20 40
20 43
20 44
20 45
20 47
20 48
20 51
20 55
20 57
20 70
20 74
20 76
20 77
20 79
20 80
20 81
20 82
20 85
20 86
20 87
20 92
20 94
20 105
20 110
20 111
20 112
20 116
20 119
20 122
20 128
20 134
20 136
20 137
20 138
20 142
20 143
20 147
20 151
20 155
20 157
20 161
20 166
20 169
20 180
20 191
20 198
20 199
24 2
24 3
24 9
24 15
24 16
24 22
24 25
24 28
24 36
24 43
24 44
24 46
24 48
24 54
24 57
24 58
24 67
24 68
24 70
24 74
24 75
24 76
24 77
24 79
24 80
24 81
24 91
24 93
24 94
24 105
24 110
24 112
24 115
24 116
24 117
24 119
24 122
24 127
24 136
24 138
24 139
24 142
24 146
24 147
24 148
24 149
24 151
24 155
24 161
24 162
24 164
24 165
24 166
24 169
24 171
24 174
24 176
24 179
24 181
24 188
24 193
24 194
24 198
26 2
26 16
26 22
26 28
26 38
26 43
26 44
26 45
26 46
26 48
26 54
26 68
26 70
26 74
26 75
26 76
26 79
26 82
26 85
26 86
26 87
26 91
26 94
26 97
26 105
26 108
26 111
26 114
26 116
26 121
26 127
26 129
26 130
26 134
26 135
26 138
26 139
26 143
26 146
26 147
26 151
26 157
26 163
26 166
26 168
26 169
26 171
26 173
26 180
26 181
26 186
26 188
26 191
26 194
26 198
26 199
28 2
28 16
28 22
28 36
28 38
28 43
28 44
28 47
28 51
28 53
28 68
28 69
28 70
28 71
28 75
28 76
28 80
28 81
28 82
28 86
28 87
28 92
28 93
28 108
28 111
28 112
28 117
28 128
28 129
28 130
28 134
28 135
28 138
28 139
28 142
28 146
28 149
28 151
28 154
28 160
28 161
28 163
28 165
28 166
28 168
28 171
28 176
28 178
28 179
28 180
28 181
28 186
28 191
28 194
28 198
28 199
32 9
32 16
32 25
32 36
32 38
32 40
32 43
32 45
32 46
32 48
32 51
32 54
32 58
32 62
32 67
32 68
32 69
32 71
32 75
32 76
32 82
32 86
32 87
32 91
32 97
32 105
32 108
32 112
32 114
32 118
32 121
32 127
32 128
32 130
32 134
32 137
32 147
32 148
32 151
32 155
32 157
32 161
32 162
32 163
32 165
32 166
32 169
32 176
32 179
32 180
32 191
32 194
32 198
32 199
36 2
36 3
36 11
36 27
36 38
36 43
36 44
36 48
36 49
36 54
36 55
36 57
36 58
36 62
36 67
36 70
36 71
36 74
36 76
36 77
36 80
36 81
36 86
36 87
36 91
36 94
36 97
36 111
36 112
36 116
36 118
36 121
36 125
36 127
36 128
36 129
36 130
36 134
36 136
36 137
36 143
36 146
36 147
36 148
36 149
36 155
36 160
36 161
36 163
36 164
36 165
36 166
36 169
36 171
36 180
36 186
36 188
36 193
38 15
38 16
38 25
38 43
38 46
38 49
38 56
38 57
38 62
38 68
38 70
38 76
38 82
38 86
38 91
38 92
38 93
38 94
38 97
38 105
38 108
38 110
38 111
38 112
38 114
38 118
38 119
38 125
38 129
38 136
38 138
38 139
38 147
38 148
38 149
38 164
38 165
38 166
38 171
38 176
38 178
38 179
38 181
38 191
38 193
38 194
38 199
44 15
44 22
44 25
44 46
44 48
44 55
44 56
44 58
44 62
44 74
44 75
44 76
44 77
44 80
44 81
44 85
44 87
44 93
44 94
44 111
44 112
44 114
44 116
44 117
44 119
44 122
44 125
44 127
44 129
44 136
44 137
44 142
44 146
44 149
44 154
44 155
44 157
44 160
44 163
44 164
44 166
44 168
44 169
44 174
44 178
44 179
44 181
44 186
44 191
44 198
44 199
48 2
48 3
48 9
48 11
48 22
48 46
48 49
48 51
48 53
48 54
48 56
48 57
48 68
48 70
48 71
48 74
48 75
48 77
48 79
48 85
48 87
48 91
48 92
48 93
48 108
48 112
48 114
48 116
48 118
48 119
48 121
48 125
48 128
48 129
48 130
48 136
48 137
48 139
48 142
48 143
48 146
48 154
48 157
48 160
48 162
48 166
48 171
48 176
48 178
48 181
48 188
48 191
48 193
48 194
48 198
48 199
51 2
51 3
51 16
51 25
51 27
51 40
51 43
51 46
51 49
51 56
51 57
51 68
51 70
51 71
51 75
51 77
51 79
51 86
51 87
51 93
51 97
51 105
51 108
51 110
51 111
51 112
51 114
51 116
51 117
51 121
51 127
51 129
51 135
51 136
51 139
51 142
51 147
51 148
51 149
51 157
51 161
51 165
51 168
51 169
51 176
51 180
51 181
51 186
51 194
51 198
53 2
53 11
53 22
53 27
53 40
53 43
53 45
53 46
53 47
53 54
53 62
53 68
53 69
53 79
53 80
53 81
53 82
53 85
53 87
53 91
53 92
53 93
53 97
53 105
53 110
53 112
53 118
53 119
53 122
53 129
53 130
53 134
53 135
53 137
53 138
53 139
53 146
53 148
53 151
53 154
53 157
53 161
53 163
53 165
53 169
53 173
53 174
53 179
53 180
53 193
53 194
53 198
55 2
55 11
55 16
55 40
55 43
55 45
55 46
55 49
55 54
55 57
55 62
55 67
55 68
55 69
55 71
55 75
55 79
55 80
55 81
55 82
55 91
55 92
55 93
55 94
55 97
55 105
55 108
55 110
55 112
55 127
55 128
55 129
55 130
55 134
55 137
55 138
55 149
55 151
55 155
55 157
55 160
55 161
55 166
55 168
55 174
55 176
55 178
55 180
55 181
55 188
55 191
55 193
55 194
57 2
57 3
57 15
57 22
57 27
57 40
57 43
57 46
57 54
57 58
57 62
57 67
57 68
57 76
57 77
57 79
57 85
57 87
57 91
57 93
57 94
57 97
57 108
57 111
57 116
57 117
57 118
57 119
57 122
57 127
57 128
57 129
57 130
57 135
57 137
57 138
57 139
57 143
57 146
57 147
57 148
57 149
57 154
57 155
57 157
57 162
57 163
57 166
57 169
57 174
57 179
57 180
57 186
57 191
57 198
58 9
58 11
58 22
58 25
58 27
58 40
58 45
58 54
58 62
58 69
58 77
58 80
58 85
58 92
58 93
58 97
58 110
58 111
58 114
58 115
58 117
58 118
58 119
58 121
58 122
58 128
58 129
58 134
58 135
58 137
58 138
58 143
58 146
58 149
58 155
58 161
58 162
58 165
58 166
58 178
58 180
58 198
67 2
67 3
67 9
67 16
67 40
67 45
67 49
67 54
67 70
67 75
67 77
67 79
67 80
67 81
67 82
67 87
67 91
67 94
67 97
67 105
67 108
67 110
67 111
67 115
67 116
67 117
67 119
67 122
67 125
67 127
67 128
67 129
67 130
67 146
67 155
67 160
67 161
67 166
67 168
67 169
67 173
67 174
67 178
67 179
67 181
67 198
67 199
68 9
68 11
68 25
68 27
68 45
68 49
68 54
68 62
68 70
68 75
68 76
68 79
68 87
68 91
68 92
68 110
68 111
68 118
68 119
68 122
68 125
68 128
68 130
68 134
68 136
68 137
68 143
68 146
68 147
68 149
68 151
68 154
68 160
68 161
68 163
68 164
68 165
68 166
68 168
68 173
68 174
68 176
68 178
68 181
68 188
68 191
68 193
68 198
69 22
69 40
69 47
69 54
69 56
69 70
69 79
69 81
69 85
69 86
69 91
69 92
69 94
69 105
69 108
69 110
69 111
69 112
69 114
69 116
69 117
69 127
69 130
69 134
69 135
69 138
69 139
69 142
69 143
69 146
69 148
69 154
69 155
69 160
69 161
69 162
69 163
69 165
69 166
69 168
69 169
69 173
69 178
69 180
69 186
69 188
69 193
69 194
71 2
71 9
71 22
71 40
71 46
71 47
71 49
71 54
71 56
71 76
71 77
71 79
71 80
71 87
71 91
71 93
71 108
71 110
71 115
71 116
71 118
71 128
71 129
71 138
71 139
71 143
71 151
71 154
71 162
71 164
71 165
71 169
71 173
71 181
71 188
71 193
75 11
75 16
75 22
75 43
75 47
75 49
75 54
75 56
75 62
75 76
75 77
75 79
75 81
75 82
75 86
75 87
75 91
75 93
75 94
75 97
75 108
75 115
75 116
75 117
75 118
75 122
75 125
75 128
75 129
75 130
75 134
75 135
75 138
75 146
75 147
75 148
75 149
75 151
75 162
75 163
75 166
75 168
75 178
75 179
75 180
75 188
75 191
76 3
76 9
76 11
76 15
76 16
76 22
76 43
76 45
76 46
76 47
76 54
76 62
76 74
76 77
76 85
76 86
76 92
76 93
76 94
76 105
76 108
76 110
76 114
76 118
76 119
76 121
76 128
76 134
76 138
76 139
76 142
76 149
76 151
76 157
76 160
76 161
76 166
76 168
76 171
76 176
76 178
76 179
76 180
76 188
76 193
76 194
76 198
76 199
81 3
81 11
81 15
81 16
81 27
81 43
81 45
81 46
81 47
81 56
81 62
81 79
81 85
81 94
81 97
81 114
81 115
81 117
81 118
81 122
81 125
81 129
81 134
81 135
81 137
81 139
81 142
81 143
81 146
81 148
81 149
81 154
81 164
81 171
81 173
81 176
81 179
81 186
81 188
81 191
81 198
85 3
85 15
85 22
85 25
85 40
85 43
85 46
85 47
85 54
85 74
85 86
85 87
85 94
85 97
85 108
85 111
85 114
85 116
85 118
85 122
85 125
85 127
85 128
85 130
85 134
85 137
85 142
85 146
85 148
85 149
85 151
85 154
85 155
85 157
85 160
85 164
85 166
85 171
85 173
85 176
85 179
85 180
85 186
85 194
85 199
87 3
87 9
87 27
87 43
87 45
87 47
87 49
87 56
87 62
87 70
87 74
87 86
87 91
87 92
87 93
87 108
87 111
87 112
87 114
87 115
87 117
87 118
87 129
87 135
87 138
87 139
87 142
87 149
87 151
87 154
87 155
87 157
87 161
87 162
87 163
87 164
87 168
87 171
87 176
87 178
87 179
87 180
87 181
87 186
92 2
92 22
92 25
92 45
92 47
92 49
92 56
92 70
92 74
92 77
92 80
92 86
92 91
92 94
92 97
92 108
92 110
92 114
92 115
92 117
92 118
92 125
92 129
92 130
92 136
92 137
92 138
92 139
92 142
92 146
92 148
92 149
92 154
92 157
92 161
92 162
92 164
92 171
92 176
92 179
92 180
92 181
92 193
92 194
94 2
94 3
94 9
94 11
94 15
94 16
94 22
94 25
94 40
94 43
94 45
94 49
94 54
94 62
94 74
94 77
94 82
94 91
94 97
94 108
94 112
94 115
94 118
94 122
94 127
94 129
94 130
94 136
94 138
94 143
94 146
94 148
94 154
94 155
94 157
94 162
94 163
94 171
94 174
94 176
94 178
94 180
94 186
94 188
94 194
94 198
97 2
97 9
97 16
97 22
97 25
97 43
97 46
97 49
97 54
97 62
97 70
97 74
97 77
97 82
97 91
97 93
97 110
97 116
97 117
97 118
97 121
97 122
97 125
97 129
97 130
97 134
97 136
97 138
97 139
97 147
97 157
97 160
97 162
97 164
97 166
97 176
97 178
97 181
97 191
97 193
97 199
105 2
105 3
105 11
105 27
105 45
105 47
105 56
105 74
105 80
105 86
105 93
105 108
105 111
105 112
105 114
105 115
105 116
105 117
105 119
105 121
105 129
105 135
105 139
105 142
105 143
105 146
105 148
105 149
105 151
105 157
105 160
105 162
105 163
105 164
105 168
105 169
105 171
105 174
105 186
105 191
105 198
110 3
110 9
110 11
110 15
110 25
110 46
110 49
110 56
110 62
110 70
110 74
110 80
110 82
110 86
110 111
110 115
110 116
110 119
110 121
110 122
110 130
110 134
110 135
110 136
110 137
110 138
110 143
110 146
110 151
110 154
110 162
110 163
110 164
110 165
110 169
110 173
110 180
110 186
110 193
110 194
110 198
111 2
111 9
111 16
111 43
111 46
111 49
111 62
111 74
111 79
111 80
111 86
111 108
111 115
111 116
111 117
111 119
111 121
111 122
111 127
111 129
111 130
111 134
111 136
111 137
111 139
111 146
111 147
111 155
111 157
111 160
111 162
111 165
111 166
111 168
111 171
111 173
111 176
111 180
111 181
111 191
111 193
111 199
115 9
115 16
115 22
115 25
115 27
115 40
115 47
115 70
115 80
115 82
115 86
115 108
115 116
115 117
115 119
115 121
115 122
115 125
115 129
115 130
115 134
115 135
115 136
115 137
115 138
115 139
115 142
115 143
115 148
115 149
115 151
115 157
115 160
115 162
115 169
115 171
115 174
115 180
115 181
115 191
115 193
115 194
115 199
117 3
117 9
117 11
117 15
117 22
117 25
117 43
117 49
117 62
117 74
117 77
117 82
117 108
117 118
117 119
117 121
117 125
117 134
117 136
117 142
117 143
117 146
117 149
117 155
117 157
117 164
117 165
117 168
117 169
117 171
117 173
117 178
117 179
117 181
117 186
125 2
125 11
125 16
125 22
125 27
125 40
125 46
125 47
125 54
125 70
125 74
125 77
125 80
125 82
125 91
125 108
125 112
125 116
125 119
125 127
125 128
125 135
125 136
125 137
125 139
125 142
125 143
125 148
125 149
125 157
125 160
125 163
125 164
125 165
125 166
125 169
125 171
125 173
125 178
125 180
125 181
125 188
125 191
125 194
125 198
125 199
127 2
127 3
127 15
127 16
127 25
127 27
127 40
127 45
127 46
127 47
127 49
127 54
127 56
127 70
127 82
127 91
127 93
127 108
127 116
127 118
127 119
127 121
127 129
127 134
127 135
127 136
127 137
127 139
127 142
127 146
127 148
127 149
127 157
127 163
127 168
127 169
127 171
127 173
127 178
127 186
127 191
127 194
127 198
128 2
128 9
128 22
128 27
128 45
128 47
128 49
128 54
128 56
128 74
128 77
128 80
128 93
128 114
128 116
128 118
128 122
128 129
128 130
128 137
128 138
128 139
128 143
128 146
128 147
128 148
128 149
128 151
128 154
128 155
128 161
128 163
128 168
128 173
128 178
128 179
128 181
128 186
128 188
128 191
128 194
128 199
136 16
136 22
136 25
136 27
136 43
136 45
136 46
136 47
136 49
136 70
136 77
136 93
136 118
136 129
136 146
136 147
136 148
136 151
136 154
136 155
136 157
136 163
136 166
136 171
136 173
136 178
136 180
136 186
136 193
136 198
137 2
137 3
137 15
137 16
137 22
137 40
137 43
137 45
137 46
137 47
137 54
137 70
137 74
137 91
137 108
137 114
137 119
137 129
137 135
137 138
137 139
137 142
137 147
137 149
137 155
137 157
137 160
137 163
137 165
137 166
137 168
137 174
137 178
137 180
137 181
137 188
137 193
137 198
137 199
142 2
142 3
142 11
142 15
142 16
142 22
142 27
142 43
142 45
142 49
142 54
142 56
142 62
142 77
142 80
142 86
142 108
142 112
142 116
142 118
142 119
142 122
142 129
142 135
142 138
142 139
142 149
142 154
142 155
142 157
142 160
142 162
142 164
142 168
142 173
142 174
142 179
142 181
142 186
142 188
142 194
143 2
143 9
143 11
143 15
143 22
143 25
143 46
143 47
143 49
143 54
143 62
143 70
143 77
143 79
143 91
143 108
143 116
143 122
143 130
143 138
143 139
143 147
143 151
143 154
143 155
143 160
143 163
143 164
143 178
143 179
143 180
143 188
143 191
143 194
143 198
146 3
146 22
146 25
146 27
146 40
146 43
146 45
146 54
146 62
146 70
146 74
146 77
146 80
146 86
146 114
146 116
146 118
146 121
146 129
146 130
146 138
146 147
146 149
146 154
146 160
146 163
146 164
146 165
146 166
146 169
146 171
146 174
146 178
146 180
146 181
146 186
146 188
146 191
146 194
146 199
151 9
151 11
151 15
151 16
151 25
151 27
151 45
151 46
151 54
151 62
151 70
151 77
151 93
151 108
151 114
151 116
151 119
151 122
151 129
151 130
151 138
151 139
151 147
151 157
151 163
151 164
151 165
151 168
151 171
151 173
151 174
151 176
151 178
151 179
151 186
151 188
151 191
154 11
154 16
154 25
154 45
154 46
154 49
154 54
154 74
154 86
154 108
154 121
154 129
154 130
154 134
154 135
154 147
154 148
154 157
154 161
154 162
154 163
154 164
154 165
154 166
154 168
154 178
154 181
154 186
154 193
154 194
154 198
154 199
160 9
160 15
160 27
160 40
160 43
160 45
160 46
160 49
160 54
160 62
160 70
160 74
160 77
160 86
160 112
160 114
160 118
160 122
160 135
160 148
160 149
160 155
160 161
160 162
160 166
160 169
160 173
160 174
160 176
160 179
160 180
160 181
160 188
160 191
160 193
162 15
162 22
162 25
162 40
162 43
162 45
162 46
162 49
162 54
162 82
162 86
162 93
162 108
162 114
162 116
162 118
162 122
162 129
162 130
162 134
162 135
162 138
162 139
162 147
162 148
162 161
162 164
162 169
162 171
162 173
162 180
162 193
162 198
162 199
163 3
163 11
163 16
163 25
163 43
163 49
163 56
163 70
163 79
163 80
163 108
163 116
163 119
163 121
163 135
163 139
163 147
163 148
163 149
163 157
163 161
163 166
163 168
163 169
163 171
163 178
163 179
163 181
163 188
163 191
163 193
163 194
163 199
165 9
165 16
165 27
165 47
165 49
165 54
165 70
165 77
165 80
165 82
165 86
165 93
165 134
165 135
165 138
165 161
165 164
165 171
165 174
165 179
165 186
165 198
165 199
168 3
168 9
168 11
168 15
168 16
168 22
168 25
168 27
168 40
168 43
168 45
168 56
168 62
168 70
168 77
168 80
168 82
168 108
168 118
168 119
168 129
168 130
168 148
168 155
168 157
168 173
168 178
168 188
168 193
168 199
176 15
176 16
176 40
176 46
176 47
176 62
176 70
176 80
176 91
176 93
176 112
176 118
176 119
176 121
176 134
176 135
176 139
176 148
176 149
176 155
176 164
176 166
176 174
176 179
176 180
176 191
176 193
178 2
178 9
178 11
178 15
178 25
178 40
178 62
178 80
178 86
178 93
178 118
178 130
178 134
178 135
178 138
178 147
178 148
178 157
178 166
178 173
178 174
178 179
178 180
178 181
178 186
178 191
178 193
178 198
178 199
180 9
180 15
180 16
180 22
180 40
180 43
180 56
180 62
180 79
180 80
180 91
180 93
180 108
180 112
180 114
180 116
180 119
180 130
180 134
180 135
180 147
180 148
180 149
180 155
180 157
180 161
180 164
180 169
180 173
180 179
180 191
180 193
180 194
180 198
180 199
186 3
186 15
186 27
186 40
186 43
186 45
186 46
186 56
186 62
186 70
186 79
186 82
186 86
186 108
186 112
186 114
186 119
186 121
186 138
186 149
186 155
186 164
186 166
186 171
186 173
186 179
186 188
186 191
186 193
191 3
191 9
191 16
191 40
191 43
191 46
191 70
191 74
191 79
191 80
191 86
191 91
191 93
191 108
191 112
191 114
191 116
191 121
191 122
191 129
191 130
191 134
191 138
191 148
191 161
191 164
191 166
191 169
191 171
191 173
191 188
193 2
193 3
193 9
193 11
193 15
193 22
193 27
193 43
193 45
193 46
193 49
193 62
193 74
193 77
193 80
193 82
193 91
193 93
193 108
193 116
193 118
193 119
193 121
193 122
193 135
193 147
193 149
193 174
193 179
193 181
193 199
194 3
194 9
194 11
194 15
194 40
194 43
194 56
194 62
194 74
194 79
194 82
194 86
194 91
194 116
194 118
194 119
194 122
194 129
194 134
194 139
194 149
194 155
194 157
194 161
194 179
194 188
194 198
194 199
199 2
199 3
199 9
199 15
199 27
199 43
199 46
199 56
199 70
199 77
199 79
199 82
199 86
199 91
199 112
199 114
199 119
199 129
199 130
199 134
199 135
199 138
199 147
199 155
199 157
199 161
199 164
199 179
199 181
199 198
2 3
2 9
2 15
2 16
2 22
2 25
2 27
2 40
2 43
2 62
2 77
2 79
2 82
2 86
2 91
2 93
2 108
2 112
2 118
2 119
2 121
2 122
2 129
2 130
2 134
2 147
2 148
2 149
2 157
2 164
2 169
2 171
2 173
2 198
3 9
3 15
3 16
3 45
3 46
3 49
3 74
3 77
3 86
3 91
3 112
3 114
3 116
3 118
3 139
3 148
3 155
3 157
3 169
3 171
3 174
3 181
9 15
9 22
9 25
9 27
9 43
9 49
9 54
9 62
9 70
9 74
9 80
9 82
9 91
9 108
9 114
9 116
9 118
9 122
9 130
9 148
9 149
9 161
9 166
9 169
9 179
9 181
15 22
15 43
15 54
15 74
15 80
15 86
15 93
15 108
15 112
15 118
15 119
15 121
15 139
15 147
15 148
15 149
15 155
15 157
15 164
15 169
15 171
15 173
15 181
16 11
16 27
16 49
16 56
16 70
16 79
16 80
16 86
16 108
16 112
16 114
16 129
16 135
16 139
16 147
16 148
16 166
16 171
16 173
16 179
16 198
22 40
22 43
22 45
22 49
22 54
22 56
22 62
22 70
22 77
22 79
22 80
22 82
22 86
22 108
22 114
22 118
22 119
22 121
22 129
22 130
22 135
22 138
22 139
22 147
22 148
22 155
22 157
22 164
22 169
22 171
22 173
22 174
22 181
22 198
25 11
25 40
25 43
25 45
25 46
25 70
25 79
25 80
25 93
25 108
25 114
25 116
25 118
25 119
25 122
25 129
25 130
25 134
25 139
25 147
25 149
25 157
25 171
25 179
25 181
25 188
27 11
27 40
27 43
27 45
27 46
27 47
27 49
27 70
27 74
27 77
27 91
27 93
27 108
27 112
27 116
27 119
27 134
27 135
27 139
27 149
27 155
27 164
27 166
27 174
27 179
27 188
27 198
40 45
40 46
40 70
40 74
40 80
40 82
40 93
40 108
40 112
40 116
40 118
40 122
40 130
40 138
40 139
40 148
40 166
40 169
40 179
40 181
40 198
43 11
43 45
43 54
43 56
43 62
43 77
43 82
43 93
43 108
43 112
43 116
43 118
43 121
43 130
43 138
43 147
43 155
43 161
43 164
43 166
43 173
43 174
43 188
62 46
62 49
62 80
62 82
62 114
62 116
62 130
62 134
62 135
62 138
62 148
62 149
62 188
62 198
77 45
77 47
77 49
77 56
77 74
77 80
77 82
77 86
77 91
77 108
77 116
77 118
77 121
77 130
77 134
77 135
77 138
77 147
77 148
77 149
77 155
77 157
77 161
77 164
77 169
77 173
77 179
79 45
79 46
79 49
79 70
79 86
79 91
79 93
79 108
79 114
79 116
79 119
79 122
79 129
79 134
79 135
79 149
79 155
79 161
79 166
79 169
79 173
79 174
79 181
79 198
82 11
82 46
82 47
82 49
82 54
82 56
82 74
82 80
82 91
82 93
82 108
82 112
82 114
82 116
82 119
82 122
82 138
82 139
82 148
82 155
82 161
82 169
82 171
82 173
82 188
86 46
86 49
86 80
86 91
86 108
86 112
86 121
86 134
86 135
86 138
86 148
86 169
86 173
86 181
86 198
91 11
91 46
91 49
91 56
91 70
91 74
91 80
91 93
91 112
91 118
91 121
91 129
91 130
91 134
91 138
91 139
91 155
91 157
91 164
91 166
91 169
93 45
93 46
93 80
93 114
93 116
93 118
93 129
93 130
93 134
93 138
93 147
93 155
93 161
93 173
93 174
93 179
108 45
108 47
108 49
108 54
108 70
108 112
108 118
108 129
108 134
108 135
108 139
108 149
108 155
108 171
108 173
108 188
108 198
112 46
112 47
112 54
112 74
112 80
112 119
112 121
112 122
112 129
112 138
112 139
112 149
112 157
112 161
112 164
112 171
112 173
112 174
112 179
112 181
118 11
118 47
118 54
118 56
118 70
118 80
118 114
118 119
118 121
118 122
118 129
118 135
118 147
118 149
118 155
118 157
118 161
118 164
118 166
118 169
118 174
118 181
118 188
118 198
119 11
119 45
119 47
119 49
119 54
119 74
119 80
119 114
119 116
119 122
119 134
119 138
119 139
119 147
119 148
119 149
119 155
119 157
119 161
119 164
119 166
119 169
119 171
119 173
119 179
119 181
121 11
121 45
121 46
121 74
121 80
121 114
121 116
121 122
121 134
121 135
121 139
121 148
121 149
121 155
121 161
121 169
121 171
121 173
121 181
122 46
122 49
122 54
122 56
122 74
122 80
122 114
122 135
122 138
122 139
122 147
122 148
122 149
122 155
122 157
122 161
122 166
122 169
122 179
129 11
129 45
129 46
129 49
129 70
129 116
129 134
129 138
129 139
129 148
129 157
129 161
129 166
129 174
129 179
129 181
129 188
129 198
130 45
130 46
130 56
130 116
130 135
130 139
130 147
130 155
130 157
130 161
130 171
130 173
130 174
130 179
130 181
134 11
134 54
134 56
134 70
134 114
134 116
134 135
134 138
134 139
134 147
134 155
134 157
134 166
134 171
134 173
134 174
134 181
134 188
134 198
147 45
147 49
147 54
147 56
147 70
147 74
147 80
147 114
147 116
147 135
147 138
147 139
147 157
147 161
147 164
147 166
147 169
147 171
147 179
147 181
147 188
147 198
148 45
148 74
148 80
148 116
148 135
148 138
148 139
148 166
148 169
148 173
148 174
148 179
148 198
149 11
149 46
149 54
149 56
149 80
149 114
149 135
149 155
149 157
149 161
149 164
149 169
149 173
149 174
149 188
149 198
157 46
157 49
157 54
157 74
157 114
157 135
157 139
157 169
157 174
157 179
157 181
157 198
164 11
164 45
164 46
164 54
164 74
164 80
164 114
164 116
164 135
164 155
164 169
164 174
164 181
169 11
169 45
169 46
169 47
169 56
169 135
169 179
169 181
171 45
171 47
171 49
171 54
171 56
171 74
171 80
171 116
171 135
171 138
171 155
171 173
171 174
173 11
173 49
173 54
173 74
173 80
173 135
173 155
173 161
173 166
173 179
173 188
173 198
198 11
198 54
198 70
198 74
198 80
198 135
198 138
198 139
198 155
198 161
198 179
198 181
198 188
45 11
45 47
45 54
45 56
45 74
45 80
45 114
45 135
45 161
45 174
45 179
45 188
46 11
46 49
46 54
46 56
46 70
46 74
46 80
46 114
46 135
46 155
46 188
49 47
49 54
49 74
49 80
49 114
49 116
49 138
49 139
49 155
49 161
49 166
49 174
49 179
49 181
49 188
74 47
74 56
74 70
74 138
74 166
74 174
74 181
114 80
114 135
114 138
114 139
114 155
114 161
114 166
114 179
116 11
116 54
116 70
116 80
116 138
116 166
116 174
116 188
139 54
139 56
139 70
139 135
139 138
139 179
155 11
155 135
155 174
155 181
174 47
174 70
174 135
174 181
174 188
181 11
181 54
181 135
181 161
181 179
181 188
11 70
11 161
11 179
54 70
54 80
54 166
54 179
54 188
135 47
135 70
135 138
135 161
135 188
166 56
166 80
166 138
166 161
166 179
188 47
188 80
188 179
56 80
138 47
138 70
138 80
179 47
179 70
179 80
179 161
47 80
80 161
