690 846
690 87
690 833
690 1002
690 525
367 846
367 87
507 19
507 610
545 905
69 185
69 565
69 672
434 112
434 99
434 846
434 369
434 586
434 157
434 514
434 576
434 216
434 43
434 850
434 156
434 897
434 949
767 948
952 846
952 801
571 846
571 87
571 419
571 717
571 781
442 87
442 846
371 948
187 948
504 549
492 779
320 846
809 512
809 948
662 948
263 549
263 185
263 948
279 846
961 140
616 948
437 948
172 483
651 5
651 534
651 883
965 905
965 142
190 846
190 445
345 592
345 694
222 549
222 846
222 702
222 265
222 948
222 717
65 752
65 419
65 87
65 483
65 846
65 866
82 549
82 948
218 500
425 123
223 846
929 846
526 201
526 694
526 948
944 754
944 384
88 715
88 758
88 393
88 948
749 846
689 948
428 846
509 948
771 846
771 594
612 869
831 846
831 948
495 87
495 483
495 419
495 846
35 822
35 285
35 905
35 299
35 627
35 251
35 123
35 59
35 129
35 496
35 1004
35 888
35 721
35 511
35 873
35 12
35 691
699 846
899 173
899 301
899 948
899 268
984 994
203 818
203 176
203 143
203 417
181 954
181 948
45 994
45 948
25 132
589 308
589 19
589 846
589 949
589 126
589 253
589 419
354 846
354 717
354 166
354 539
372 905
406 549
406 742
406 716
406 967
406 948
528 717
903 948
595 948
157 846
157 87
76 201
76 905
76 717
254 87
254 419
254 846
254 717
254 423
254 996
254 122
254 664
254 483
254 893
254 940
757 844
757 717
155 886
155 948
978 846
978 419
169 132
229 87
322 846
322 156
374 754
374 846
10 586
10 156
232 19
232 240
232 795
232 975
232 833
232 126
251 519
251 948
204 834
204 59
204 850
204 239
204 459
318 420
318 407
318 167
318 122
318 539
100 146
100 707
117 754
117 948
117 419
116 948
116 70
686 549
686 846
686 73
686 694
686 419
686 948
379 87
379 369
379 419
379 897
379 73
379 381
246 982
246 752
246 754
246 139
246 981
246 485
246 241
246 948
246 781
246 266
246 426
246 539
304 846
304 87
824 846
824 419
1007 846
608 308
608 539
608 811
603 967
603 948
663 483
663 948
273 833
273 365
273 846
273 419
645 985
645 323
645 905
645 536
645 948
645 792
645 522
645 58
446 948
418 754
418 948
418 741
118 754
118 176
118 780
118 907
118 443
118 268
227 843
185 652
455 846
455 356
1005 846
1005 717
1005 419
17 459
817 270
150 948
955 948
780 715
780 994
368 948
75 846
75 369
75 664
75 827
75 126
75 850
75 897
75 525
75 87
75 717
75 483
75 948
75 419
600 130
600 202
600 128
600 443
600 104
654 948
241 752
241 811
241 167
241 717
916 9
382 948
568 846
303 948
531 352
245 905
860 948
182 409
182 419
182 846
362 240
362 419
362 846
358 87
358 419
358 846
377 846
982 484
982 308
982 709
982 485
982 585
982 968
982 840
497 885
401 201
765 84
866 308
866 853
866 19
866 846
866 521
866 468
866 146
866 576
866 585
866 199
866 485
330 596
330 258
330 337
330 242
330 268
341 846
524 948
408 201
408 694
408 948
202 496
407 308
407 752
407 420
407 588
407 87
407 423
407 994
407 957
407 717
407 585
407 188
407 305
407 167
15 986
15 948
609 898
609 234
778 948
659 905
659 338
659 948
518 969
857 754
857 948
456 305
456 795
456 585
456 420
456 717
456 948
0 140
0 1000
0 12
702 948
576 846
576 419
422 948
547 754
547 143
547 948
359 846
359 948
288 270
186 846
186 419
3 754
949 752
949 846
949 87
949 514
949 717
949 483
949 419
170 664
170 948
170 708
170 717
511 629
511 947
70 905
70 754
70 176
70 948
563 934
611 87
611 419
469 549
469 548
469 132
469 948
316 948
450 754
450 948
489 846
489 369
489 969
901 948
559 948
637 948
23 718
23 948
129 717
859 905
853 419
853 846
953 948
247 419
722 754
722 948
753 19
753 733
753 514
753 485
753 369
516 995
971 681
451 941
451 32
969 846
969 87
969 968
969 485
969 482
969 305
969 419
990 523
380 846
380 717
375 54
375 948
750 948
575 754
575 948
615 934
583 717
994 844
994 386
994 681
994 292
994 991
994 864
994 312
994 948
994 483
994 261
87 719
87 99
87 27
87 148
87 347
87 880
87 734
87 444
87 40
87 127
87 389
87 588
87 470
87 385
87 28
87 343
87 474
87 281
87 463
87 646
87 146
87 977
87 829
87 501
87 133
87 180
87 991
87 543
87 520
87 573
87 269
87 540
87 717
87 188
87 849
87 205
87 503
87 560
87 642
87 979
87 789
87 119
87 449
87 266
87 801
87 73
87 195
87 634
87 940
87 156
87 458
87 755
87 412
957 850
957 381
957 167
957 717
815 905
815 967
815 948
650 846
820 905
820 230
307 846
977 846
977 948
977 419
977 781
423 752
423 585
423 761
423 948
119 846
119 419
119 717
902 948
41 948
823 948
101 948
697 140
525 846
525 73
525 849
525 948
525 419
825 867
825 940
825 73
214 948
665 905
665 165
665 342
26 868
176 905
176 909
176 472
176 694
176 639
176 443
176 948
176 268
739 846
924 420
924 846
924 240
924 468
924 146
924 717
924 707
740 514
740 419
147 846
424 948
905 834
905 865
905 338
905 517
905 555
905 942
905 819
905 159
905 415
905 404
905 9
905 613
905 647
905 510
905 210
905 24
905 173
905 770
905 618
905 220
905 392
905 930
905 889
905 544
905 106
905 607
905 452
905 121
905 948
905 558
905 370
905 763
905 670
905 98
905 974
905 256
905 601
905 656
905 66
905 714
905 580
905 50
905 772
905 614
905 217
905 128
905 805
905 537
905 673
905 669
905 443
905 756
905 243
905 235
905 769
905 940
905 268
905 946
905 324
812 396
812 940
339 948
427 201
427 790
427 948
51 948
86 786
86 895
86 948
449 483
500 717
193 846
193 419
1009 436
1009 384
618 491
618 948
412 419
513 698
513 948
91 465
209 565
209 89
209 948
239 178
621 846
621 419
224 743
715 921
715 404
715 197
715 956
715 168
715 845
715 614
715 153
715 312
715 250
715 948
715 920
215 846
215 419
215 948
140 719
140 430
140 653
140 958
140 1000
140 619
140 264
140 103
140 635
140 773
140 691
140 277
683 308
885 386
885 846
885 948
671 948
443 754
443 770
443 917
443 887
443 268
508 810
56 846
56 42
56 948
93 754
93 639
93 29
93 948
745 496
963 754
963 333
189 201
189 948
189 694
923 948
54 635
54 882
383 948
841 846
529 741
529 948
562 846
562 419
562 396
562 514
562 648
477 201
477 948
248 592
248 619
830 846
830 419
656 948
460 325
460 694
460 948
956 201
956 754
956 694
956 948
855 948
501 846
501 419
1001 846
1001 419
981 539
981 948
704 948
660 756
660 948
870 538
191 777
587 549
587 1004
587 967
587 948
587 597
640 948
802 948
814 948
107 846
83 846
554 948
391 917
723 948
602 201
326 948
36 846
36 419
321 308
321 177
321 421
321 167
649 846
285 591
285 131
772 948
821 694
821 948
833 308
833 40
833 846
833 237
833 648
833 314
833 717
833 836
833 419
833 384
833 948
833 365
833 553
833 126
459 123
459 84
459 520
179 270
179 691
847 846
847 419
152 846
779 846
779 675
779 694
779 523
779 948
692 201
692 948
865 948
865 398
865 1008
498 717
153 948
153 478
930 549
930 762
930 323
930 939
930 619
930 312
930 770
930 670
930 948
930 763
930 271
158 948
78 948
811 752
811 585
13 419
458 846
458 948
918 419
918 846
541 201
541 948
98 655
897 19
897 420
897 514
897 240
897 369
897 73
897 126
897 216
387 717
262 948
926 948
334 846
334 419
42 959
42 754
42 299
42 948
404 201
404 948
404 694
560 846
560 940
560 156
560 419
417 655
417 933
998 843
998 948
998 357
574 948
1004 948
617 948
698 619
698 32
200 201
228 948
573 9
775 123
349 948
145 549
145 948
844 517
844 19
844 948
844 543
844 679
844 895
484 409
484 419
484 846
484 781
484 717
484 948
484 308
167 506
167 327
167 717
167 948
594 754
594 909
594 948
207 299
207 939
207 561
207 756
207 948
351 846
351 419
73 308
73 846
73 664
73 33
73 539
73 717
73 585
73 483
487 846
677 948
277 777
893 846
893 948
893 419
893 485
893 585
988 948
269 754
269 39
269 846
269 419
301 948
48 754
48 948
319 470
109 717
631 308
631 754
631 409
631 674
983 752
983 846
983 808
983 419
983 717
335 259
335 985
335 519
335 813
335 906
900 429
908 30
515 948
570 846
29 143
29 948
352 644
352 577
352 519
352 517
352 505
352 4
352 679
782 846
782 781
488 174
488 360
488 906
791 270
133 846
133 419
517 741
517 694
517 948
260 549
260 948
276 948
103 184
103 30
216 308
216 846
216 221
216 102
685 846
121 846
121 419
121 948
764 948
756 875
756 910
756 357
496 201
496 909
496 948
877 846
376 948
144 596
588 752
588 846
588 539
588 781
588 948
959 134
959 805
124 948
135 948
1 752
1 948
483 410
483 752
483 347
483 141
483 444
483 420
483 386
483 620
483 439
483 666
483 146
483 312
483 940
483 914
483 159
483 461
483 463
483 305
483 848
483 192
483 991
483 188
483 462
483 951
483 948
773 264
438 429
578 846
578 419
173 980
173 939
670 754
670 12
670 763
113 846
768 948
658 948
884 549
884 948
353 549
353 948
314 846
314 419
933 948
79 846
542 694
861 846
111 878
63 846
470 549
470 386
470 81
470 485
470 940
470 717
470 419
787 948
852 754
852 934
852 948
836 840
410 781
629 84
159 939
159 770
159 948
159 720
967 52
967 948
139 420
139 717
139 539
290 201
96 948
502 846
590 754
466 201
871 549
871 754
871 256
871 948
668 948
195 948
275 717
691 605
691 270
691 879
691 465
691 911
915 948
556 948
804 84
539 752
539 420
539 846
539 664
539 867
539 419
539 717
940 99
940 201
940 752
940 846
940 386
940 664
940 419
940 781
940 717
175 948
74 366
980 268
148 846
148 419
512 948
958 452
110 948
390 846
390 948
390 419
945 910
60 549
60 948
572 846
572 419
894 948
950 126
130 948
130 201
130 592
130 810
661 948
661 912
402 948
154 201
154 846
154 948
976 754
976 948
976 445
737 308
737 419
737 846
593 694
593 948
849 846
849 419
233 429
233 948
419 800
419 822
419 479
419 308
419 394
419 347
419 632
419 840
419 444
419 925
419 846
419 386
419 564
419 638
419 327
419 311
419 280
419 968
419 514
419 755
419 85
419 837
419 646
419 281
419 171
419 33
419 724
419 482
419 20
419 369
419 829
419 626
419 995
419 850
419 385
419 614
419 530
419 108
419 801
419 122
419 970
419 606
419 874
419 505
419 991
419 447
419 463
419 707
419 1002
419 461
419 848
419 948
419 494
419 388
419 520
419 759
419 808
419 205
419 973
419 192
419 642
419 553
419 266
822 846
534 948
564 846
564 738
564 126
564 948
564 694
581 907
174 342
174 917
851 457
851 146
463 752
463 846
463 717
527 786
527 398
405 356
439 549
911 786
911 123
911 1000
911 2
954 243
954 395
992 846
243 948
243 694
566 846
584 846
584 948
669 323
669 763
669 948
286 754
286 948
286 268
598 774
598 138
137 948
810 299
810 639
810 342
810 268
32 476
32 941
19 308
19 177
19 700
19 421
919 948
597 754
597 948
633 549
633 754
633 268
633 694
633 948
361 846
997 846
796 323
293 846
968 846
968 948
968 478
968 717
115 948
786 948
786 143
786 695
786 6
577 694
577 948
577 12
165 948
342 917
342 889
212 948
921 694
710 122
710 717
748 846
591 948
357 299
357 948
357 613
928 752
928 846
928 948
943 846
255 754
255 252
255 674
255 948
913 948
490 694
490 523
490 948
244 948
80 948
942 948
799 476
805 736
642 846
642 369
642 717
398 201
398 579
398 522
94 741
763 948
763 128
925 846
925 850
622 948
862 948
494 846
931 948
448 208
431 201
431 948
221 123
221 937
221 619
221 948
474 846
444 846
444 948
886 395
886 948
309 754
309 948
309 436
309 384
267 270
267 12
267 694
267 948
639 754
639 194
639 676
21 846
257 420
938 948
522 1006
522 798
4 948
746 948
582 846
266 846
613 299
613 270
252 972
252 128
843 549
843 948
843 270
843 891
761 948
707 846
707 369
707 156
741 754
741 84
741 138
741 948
741 208
741 164
166 272
166 948
396 717
396 585
520 846
397 948
840 846
840 717
840 948
693 754
693 948
760 641
532 948
77 754
77 948
807 201
630 948
310 268
758 567
258 939
211 948
331 948
238 754
20 846
20 948
1010 948
99 706
99 948
99 754
475 201
475 754
475 694
475 948
393 242
393 294
731 948
294 201
294 299
294 948
294 917
491 754
491 948
491 268
24 299
816 386
816 948
5 549
1006 201
1006 948
987 948
989 846
890 948
795 308
795 514
795 904
846 800
846 112
846 479
846 471
846 623
846 308
846 27
846 90
846 394
846 114
846 347
846 403
846 536
846 141
846 225
846 569
846 40
846 127
846 934
846 280
846 369
846 461
846 385
846 744
846 350
846 386
846 67
846 694
846 281
846 464
846 305
846 272
846 638
846 848
846 700
846 146
846 313
846 298
846 31
846 829
846 973
846 898
846 192
846 327
846 867
846 521
846 725
846 837
846 664
846 688
846 832
846 388
846 759
846 482
846 827
846 614
846 675
846 803
846 927
846 205
846 530
846 708
846 453
846 673
846 789
846 874
846 447
846 550
846 43
846 16
846 553
846 801
846 552
846 777
846 34
846 226
846 850
846 47
846 462
846 33
846 381
846 703
846 839
846 122
846 1002
846 485
846 606
846 755
846 311
846 289
846 120
846 948
962 752
106 948
346 754
346 948
909 754
909 770
909 948
972 201
972 754
972 948
177 308
177 421
934 948
934 44
934 95
934 993
426 752
426 948
270 328
270 1000
270 473
432 523
797 948
785 329
92 889
551 1003
679 549
679 198
679 948
679 97
793 948
892 948
282 694
282 948
344 948
105 717
845 948
297 948
161 948
485 308
485 420
485 664
485 156
485 717
549 762
549 543
549 869
549 457
549 682
549 948
549 206
317 948
395 601
395 49
842 948
533 948
1008 592
1008 644
1008 452
567 596
480 948
743 268
291 729
291 208
236 948
283 948
465 123
867 717
867 409
436 384
37 948
706 754
706 948
249 948
939 935
939 323
939 711
378 128
201 219
201 694
201 68
201 440
201 1000
201 932
201 614
201 717
201 8
201 138
201 299
201 71
201 256
201 89
201 960
201 951
201 872
201 948
201 695
201 6
201 655
910 948
728 948
896 948
128 299
38 948
385 752
30 184
62 717
219 754
219 694
219 948
284 948
323 948
231 948
788 948
788 694
138 429
138 948
138 151
751 717
783 206
420 308
420 369
420 327
420 514
420 188
420 585
420 717
784 754
624 694
624 876
789 948
907 948
11 948
242 610
586 308
732 694
732 948
838 948
696 948
328 12
328 123
328 948
12 123
12 770
889 596
889 315
373 948
717 752
717 454
717 535
717 33
717 738
717 305
717 688
717 776
717 948
717 411
717 864
717 122
826 948
544 754
544 948
835 754
505 948
55 754
55 948
738 708
125 781
433 970
433 948
27 126
850 64
850 295
625 754
625 948
678 818
993 948
188 514
188 102
932 948
964 948
370 184
914 754
914 694
914 948
84 922
256 299
256 948
735 948
399 754
399 948
300 948
1000 356
1000 920
493 948
863 948
906 299
906 948
149 592
895 948
52 674
194 754
194 948
801 369
626 948
156 112
156 308
156 752
156 514
156 240
156 369
156 305
281 356
486 948
305 308
305 585
604 948
421 308
920 163
435 948
435 858
580 754
580 338
132 747
67 948
828 948
447 386
447 948
614 754
614 876
614 694
614 948
440 948
674 366
674 89
441 754
441 948
348 948
655 948
655 299
727 299
727 694
727 948
306 754
794 948
579 986
53 948
143 948
355 948
684 752
688 975
61 948
308 514
308 585
308 610
308 664
673 754
673 694
673 948
89 694
89 948
856 948
687 948
481 948
131 754
131 122
131 948
213 948
6 694
332 948
798 261
726 948
151 948
546 948
664 781
664 708
664 948
864 948
416 268
274 948
999 694
999 948
356 123
356 986
356 948
364 948
329 948
854 694
854 948
936 948
754 719
754 705
754 299
754 917
754 878
268 701
268 948
268 887
413 948
482 369
482 781
22 948
162 948
287 948
628 694
628 948
694 299
694 366
694 71
694 136
694 970
694 57
694 296
694 948
694 196
694 467
694 966
694 97
499 948
327 102
514 112
514 240
514 369
514 948
160 948
363 948
278 948
90 948
680 948
521 948
467 948
57 948
40 752
40 240
806 948
730 948
519 948
296 948
643 414
948 183
948 259
948 719
948 705
948 18
948 114
948 299
948 818
948 72
948 876
948 657
948 868
948 7
948 386
948 712
948 620
948 667
948 592
948 71
948 557
948 311
948 538
948 217
948 986
948 136
948 641
948 206
948 292
948 43
948 636
948 537
948 122
948 970
948 295
948 324
948 46
948 881
948 966
948 68
948 917
948 878
948 548
948 713
948 192
948 196
948 766
948 340
948 164
948 858
948 400
948 261
948 315
948 336
948 97
948 599
197 917
302 888
1002 85
818 676
878 946
414 114
126 240
126 369
620 369
770 711
676 917
676 315
14 445
592 1003
369 112
369 240
917 1003
917 596
381 585
585 122
122 752
