0 3
0 6
0 9
0 10
0 12
0 13
0 15
0 16
0 18
0 19
0 20
0 21
0 23
0 25
0 30
0 31
0 35
0 36
0 38
0 40
0 41
0 48
0 49
3 2
3 8
3 10
3 12
3 15
3 17
3 19
3 20
3 24
3 25
3 27
3 29
3 30
3 31
3 32
3 35
3 40
3 43
3 48
6 1
6 2
6 4
6 9
6 11
6 14
6 16
6 17
6 19
6 20
6 21
6 23
6 24
6 26
6 27
6 28
6 31
6 32
6 34
6 36
6 37
6 38
6 40
6 41
6 42
6 44
6 45
6 46
6 48
9 1
9 2
9 7
9 8
9 10
9 11
9 12
9 14
9 16
9 18
9 19
9 20
9 22
9 24
9 25
9 26
9 27
9 28
9 33
9 34
9 35
9 36
9 41
9 45
9 46
9 48
9 49
10 1
10 2
10 4
10 11
10 15
10 16
10 17
10 22
10 24
10 25
10 26
10 27
10 28
10 29
10 30
10 33
10 35
10 37
10 41
10 43
10 44
10 47
10 49
12 2
12 4
12 5
12 15
12 16
12 18
12 23
12 27
12 30
12 31
12 33
12 39
12 41
12 42
12 44
12 46
12 47
12 48
13 2
13 5
13 7
13 11
13 16
13 20
13 21
13 22
13 26
13 30
13 32
13 33
13 34
13 37
13 38
13 39
13 45
13 47
13 48
13 49
15 1
15 14
15 17
15 20
15 21
15 22
15 25
15 27
15 29
15 33
15 34
15 35
15 42
15 43
15 45
15 46
15 47
15 49
16 2
16 7
16 8
16 11
16 17
16 19
16 21
16 26
16 28
16 29
16 30
16 31
16 34
16 35
16 37
16 38
16 39
16 40
16 43
16 49
18 1
18 2
18 5
18 7
18 8
18 11
18 17
18 19
18 23
18 24
18 27
18 28
18 30
18 33
18 37
18 38
18 39
18 45
18 49
19 8
19 11
19 14
19 17
19 21
19 23
19 24
19 25
19 28
19 29
19 30
19 31
19 32
19 34
19 35
19 38
19 39
19 42
19 46
19 48
20 1
20 2
20 4
20 5
20 7
20 8
20 11
20 17
20 21
20 22
20 23
20 25
20 26
20 27
20 29
20 31
20 32
20 34
20 37
20 42
20 49
21 1
21 5
21 11
21 24
21 29
21 30
21 31
21 33
21 35
21 42
21 43
21 47
21 49
23 1
23 2
23 4
23 7
23 11
23 17
23 22
23 24
23 26
23 27
23 28
23 29
23 30
23 31
23 32
23 33
23 35
23 36
23 37
23 38
23 39
23 46
23 48
23 49
25 7
25 17
25 22
25 26
25 27
25 28
25 29
25 30
25 32
25 35
25 36
25 41
25 42
25 43
25 45
25 48
30 2
30 4
30 5
30 8
30 11
30 14
30 17
30 22
30 29
30 31
30 32
30 35
30 36
30 37
30 41
30 43
30 44
30 45
30 46
30 47
30 48
30 49
31 2
31 7
31 8
31 24
31 28
31 29
31 32
31 33
31 34
31 35
31 36
31 38
31 40
31 43
31 45
31 46
31 48
31 49
35 4
35 5
35 7
35 8
35 14
35 17
35 27
35 29
35 33
35 34
35 37
35 42
35 44
35 47
36 1
36 5
36 7
36 11
36 14
36 24
36 26
36 32
36 33
36 39
36 42
36 43
36 45
36 46
36 47
38 5
38 8
38 11
38 14
38 17
38 22
38 26
38 27
38 29
38 33
38 34
38 39
38 46
40 4
40 5
40 11
40 14
40 22
40 26
40 27
40 28
40 29
40 34
40 37
40 39
40 45
40 47
40 49
41 2
41 5
41 7
41 8
41 14
41 22
41 24
41 26
41 27
41 29
41 33
41 34
41 37
41 39
41 43
41 45
41 49
48 2
48 4
48 7
48 8
48 11
48 22
48 24
48 27
48 32
48 33
48 34
48 43
48 44
48 45
48 46
48 47
48 49
49 1
49 4
49 5
49 7
49 22
49 24
49 27
49 32
49 39
49 44
49 45
49 47
1 4
1 5
1 7
1 11
1 14
1 17
1 24
1 28
1 29
1 32
1 33
1 37
1 39
1 43
1 45
1 46
1 47
4 2
4 26
4 27
4 29
4 32
4 33
4 34
4 42
4 43
4 44
4 46
4 47
5 2
5 8
5 24
5 26
5 28
5 29
5 42
5 43
5 47
7 2
7 26
7 28
7 29
7 33
7 34
11 17
11 24
11 26
11 27
11 32
11 37
11 39
11 44
11 46
11 47
14 2
14 8
14 17
14 22
14 26
14 27
14 28
14 29
14 42
14 43
14 46
17 2
17 8
17 22
17 26
17 39
17 43
17 47
24 26
24 28
24 37
24 42
24 43
24 44
24 46
24 47
28 2
28 22
28 26
28 29
28 34
28 37
28 39
28 42
28 45
28 47
29 27
29 32
29 33
29 39
29 43
29 45
29 46
32 8
32 26
32 33
32 34
32 37
32 42
32 44
32 45
33 2
33 8
33 26
33 27
33 34
33 42
33 43
33 44
33 45
33 46
33 47
37 22
37 26
37 27
37 34
37 42
37 43
37 44
37 47
39 22
39 34
39 42
39 43
39 44
43 2
43 22
43 27
43 46
45 8
45 26
45 47
46 8
46 22
46 26
46 42
47 8
47 22
47 44
2 8
2 27
2 42
8 22
8 34
8 42
27 22
27 26
27 34
27 42
42 22
42 34
26 22
34 44
