0 3
0 4
0 9
0 15
0 17
0 18
0 19
0 24
0 25
0 28
0 35
0 36
0 37
0 38
0 39
0 40
0 41
0 47
0 50
0 59
0 60
0 62
0 66
0 67
0 69
0 70
0 73
0 75
0 78
0 80
0 83
0 88
0 89
0 92
0 93
0 94
0 95
0 98
0 99
3 1
3 2
3 4
3 5
3 6
3 7
3 8
3 9
3 10
3 13
3 16
3 17
3 19
3 21
3 22
3 23
3 25
3 28
3 30
3 31
3 32
3 33
3 38
3 41
3 44
3 45
3 49
3 51
3 52
3 53
3 55
3 56
3 57
3 59
3 60
3 62
3 64
3 67
3 69
3 70
3 72
3 73
3 76
3 77
3 79
3 80
3 81
3 88
3 90
3 91
3 93
3 96
3 98
4 5
4 6
4 10
4 12
4 13
4 17
4 20
4 21
4 22
4 23
4 27
4 28
4 29
4 31
4 34
4 35
4 37
4 41
4 43
4 46
4 50
4 55
4 58
4 59
4 60
4 62
4 68
4 71
4 73
4 74
4 75
4 80
4 81
4 90
4 95
4 97
9 1
9 5
9 7
9 8
9 10
9 11
9 12
9 14
9 18
9 20
9 22
9 24
9 28
9 31
9 32
9 36
9 37
9 38
9 39
9 40
9 42
9 46
9 47
9 48
9 50
9 53
9 54
9 56
9 58
9 60
9 63
9 65
9 66
9 67
9 68
9 70
9 74
9 75
9 77
9 78
9 81
9 82
9 84
9 86
9 88
9 89
9 91
9 92
9 95
9 97
15 5
15 6
15 10
15 12
15 14
15 18
15 24
15 28
15 33
15 34
15 36
15 42
15 43
15 44
15 45
15 48
15 50
15 52
15 53
15 54
15 57
15 60
15 61
15 63
15 65
15 69
15 71
15 75
15 76
15 80
15 81
15 84
15 87
15 90
15 94
15 99
17 1
17 5
17 7
17 10
17 11
17 13
17 14
17 16
17 18
17 20
17 22
17 27
17 30
17 33
17 34
17 36
17 38
17 40
17 45
17 48
17 49
17 53
17 54
17 57
17 58
17 60
17 61
17 63
17 64
17 69
17 70
17 76
17 80
17 83
17 85
17 86
17 90
17 91
17 93
17 94
17 95
17 96
18 6
18 8
18 12
18 13
18 14
18 20
18 25
18 26
18 28
18 29
18 30
18 33
18 36
18 37
18 39
18 40
18 43
18 44
18 45
18 46
18 47
18 48
18 50
18 51
18 53
18 55
18 56
18 60
18 61
18 64
18 66
18 69
18 70
18 76
18 77
18 80
18 84
18 88
18 89
18 91
18 94
18 96
18 97
18 98
19 2
19 5
19 6
19 7
19 8
19 11
19 14
19 23
19 27
19 32
19 35
19 38
19 44
19 48
19 50
19 52
19 53
19 55
19 61
19 62
19 64
19 65
19 66
19 69
19 71
19 72
19 76
19 77
19 78
19 79
19 83
19 84
19 91
19 94
19 95
19 96
24 1
24 7
24 10
24 11
24 12
24 13
24 16
24 20
24 21
24 23
24 27
24 28
24 29
24 31
24 33
24 34
24 39
24 42
24 45
24 46
24 48
24 50
24 51
24 53
24 54
24 55
24 58
24 59
24 62
24 63
24 64
24 65
24 66
24 67
24 69
24 70
24 71
24 73
24 76
24 77
24 78
24 83
24 84
24 85
24 86
24 87
24 89
24 91
24 92
24 96
24 97
24 99
25 1
25 2
25 6
25 11
25 12
25 13
25 14
25 23
25 26
25 31
25 32
25 33
25 35
25 36
25 37
25 40
25 42
25 44
25 45
25 46
25 48
25 49
25 50
25 54
25 57
25 59
25 60
25 61
25 69
25 71
25 75
25 77
25 78
25 80
25 81
25 83
25 84
25 85
25 87
25 88
25 93
25 95
25 96
25 97
28 2
28 5
28 6
28 7
28 10
28 22
28 23
28 27
28 30
28 31
28 32
28 33
28 35
28 36
28 37
28 38
28 39
28 41
28 42
28 43
28 48
28 49
28 50
28 51
28 53
28 56
28 60
28 62
28 63
28 67
28 69
28 70
28 71
28 75
28 76
28 78
28 81
28 85
28 87
28 91
28 95
28 97
28 98
35 2
35 5
35 8
35 11
35 14
35 21
35 22
35 23
35 26
35 27
35 29
35 31
35 33
35 38
35 39
35 40
35 43
35 44
35 46
35 47
35 49
35 51
35 54
35 60
35 63
35 68
35 70
35 71
35 72
35 74
35 76
35 77
35 81
35 84
35 85
35 86
35 87
35 89
35 90
35 92
35 94
35 95
35 97
35 98
35 99
36 5
36 8
36 12
36 20
36 21
36 23
36 26
36 27
36 29
36 30
36 32
36 33
36 38
36 40
36 41
36 42
36 47
36 48
36 49
36 50
36 55
36 58
36 60
36 61
36 63
36 64
36 66
36 67
36 71
36 73
36 75
36 78
36 79
36 80
36 81
36 82
36 83
36 85
36 86
36 89
36 95
36 96
36 98
37 1
37 2
37 5
37 6
37 7
37 11
37 12
37 14
37 16
37 20
37 22
37 26
37 27
37 31
37 32
37 33
37 34
37 38
37 41
37 44
37 45
37 48
37 49
37 51
37 52
37 53
37 54
37 56
37 59
37 61
37 62
37 68
37 69
37 72
37 73
37 75
37 76
37 77
37 80
37 84
37 87
37 89
37 90
37 92
37 96
37 98
37 99
38 5
38 6
38 7
38 12
38 14
38 27
38 29
38 30
38 31
38 32
38 33
38 40
38 42
38 43
38 46
38 47
38 48
38 49
38 50
38 52
38 53
38 54
38 56
38 57
38 58
38 59
38 61
38 65
38 66
38 67
38 69
38 70
38 71
38 74
38 75
38 76
38 77
38 78
38 79
38 81
38 84
38 87
38 88
38 89
38 91
38 92
38 94
38 96
38 99
39 1
39 2
39 5
39 8
39 14
39 23
39 26
39 29
39 31
39 32
39 34
39 41
39 44
39 46
39 47
39 48
39 49
39 50
39 51
39 52
39 53
39 54
39 56
39 60
39 61
39 63
39 66
39 71
39 74
39 75
39 79
39 84
39 85
39 87
39 91
39 92
39 93
39 95
39 98
39 99
40 2
40 5
40 6
40 10
40 29
40 30
40 31
40 34
40 41
40 42
40 43
40 44
40 45
40 50
40 51
40 54
40 57
40 59
40 62
40 63
40 66
40 67
40 68
40 73
40 75
40 79
40 81
40 83
40 84
40 85
40 87
40 91
40 92
40 93
40 94
40 95
40 96
40 98
41 1
41 5
41 6
41 10
41 23
41 26
41 31
41 32
41 34
41 42
41 43
41 44
41 46
41 47
41 48
41 49
41 51
41 52
41 54
41 55
41 57
41 58
41 60
41 64
41 66
41 67
41 81
41 85
41 87
41 88
41 92
41 95
41 98
47 1
47 5
47 10
47 11
47 12
47 13
47 16
47 22
47 32
47 44
47 45
47 46
47 48
47 50
47 51
47 52
47 54
47 55
47 59
47 60
47 64
47 65
47 66
47 68
47 71
47 72
47 73
47 77
47 78
47 80
47 82
47 83
47 86
47 88
47 90
47 97
47 99
50 1
50 8
50 10
50 11
50 12
50 13
50 22
50 26
50 27
50 29
50 30
50 31
50 33
50 34
50 43
50 44
50 49
50 52
50 53
50 55
50 58
50 59
50 61
50 64
50 65
50 66
50 67
50 68
50 69
50 70
50 71
50 72
50 73
50 74
50 75
50 76
50 77
50 78
50 79
50 81
50 82
50 83
50 84
50 87
50 88
50 89
50 91
50 92
50 94
50 95
50 98
59 6
59 8
59 10
59 12
59 13
59 14
59 26
59 27
59 30
59 31
59 33
59 44
59 46
59 48
59 49
59 53
59 54
59 55
59 56
59 57
59 58
59 60
59 66
59 67
59 70
59 71
59 74
59 77
59 80
59 81
59 82
59 83
59 85
59 87
59 91
59 92
59 94
59 98
59 99
60 2
60 6
60 8
60 10
60 23
60 32
60 33
60 34
60 43
60 44
60 48
60 51
60 52
60 53
60 54
60 55
60 57
60 61
60 63
60 71
60 73
60 74
60 78
60 80
60 81
60 86
60 89
60 92
60 93
60 96
60 97
60 99
62 2
62 6
62 7
62 10
62 12
62 14
62 16
62 22
62 23
62 27
62 29
62 31
62 33
62 34
62 42
62 43
62 45
62 51
62 54
62 64
62 65
62 66
62 67
62 69
62 70
62 72
62 73
62 75
62 76
62 79
62 80
62 84
62 85
62 86
62 87
62 88
62 89
62 90
62 92
62 93
62 95
66 1
66 5
66 8
66 10
66 11
66 14
66 16
66 21
66 22
66 23
66 26
66 27
66 30
66 32
66 34
66 43
66 44
66 48
66 51
66 52
66 53
66 55
66 56
66 61
66 64
66 65
66 70
66 73
66 75
66 77
66 78
66 79
66 80
66 81
66 83
66 92
66 94
66 96
66 97
67 6
67 10
67 14
67 16
67 29
67 32
67 33
67 34
67 43
67 45
67 48
67 49
67 51
67 56
67 58
67 71
67 72
67 74
67 76
67 77
67 80
67 83
67 87
67 88
67 92
67 94
67 96
67 98
67 99
69 1
69 2
69 13
69 14
69 22
69 23
69 29
69 30
69 31
69 32
69 34
69 45
69 49
69 52
69 54
69 55
69 58
69 61
69 63
69 64
69 72
69 76
69 78
69 81
69 82
69 83
69 86
69 88
69 91
69 93
69 94
69 96
69 97
69 98
70 1
70 2
70 10
70 20
70 22
70 23
70 27
70 30
70 33
70 34
70 44
70 45
70 48
70 52
70 61
70 71
70 72
70 75
70 77
70 78
70 81
70 84
70 85
70 86
70 88
70 90
70 91
70 92
70 94
70 99
73 1
73 5
73 6
73 7
73 8
73 10
73 11
73 12
73 13
73 14
73 26
73 30
73 42
73 45
73 51
73 52
73 55
73 57
73 61
73 63
73 65
73 75
73 79
73 81
73 85
73 86
73 90
73 92
73 93
73 95
73 97
73 99
75 2
75 5
75 7
75 13
75 14
75 23
75 26
75 27
75 29
75 31
75 32
75 34
75 44
75 45
75 46
75 54
75 58
75 61
75 65
75 68
75 80
75 81
75 82
75 85
75 87
75 92
75 94
75 96
78 1
78 2
78 5
78 6
78 7
78 8
78 12
78 13
78 20
78 21
78 23
78 27
78 29
78 30
78 31
78 46
78 48
78 51
78 52
78 54
78 58
78 63
78 64
78 65
78 71
78 74
78 76
78 80
78 81
78 82
78 83
78 86
78 87
78 91
78 92
78 93
78 94
78 96
78 98
80 1
80 6
80 10
80 13
80 14
80 21
80 27
80 32
80 33
80 34
80 48
80 49
80 51
80 52
80 54
80 55
80 64
80 68
80 74
80 76
80 77
80 79
80 81
80 82
80 84
80 85
80 86
80 89
80 90
80 94
80 96
80 98
83 5
83 7
83 8
83 10
83 12
83 13
83 14
83 20
83 22
83 26
83 27
83 30
83 31
83 32
83 33
83 43
83 44
83 45
83 46
83 48
83 53
83 54
83 56
83 63
83 64
83 72
83 76
83 81
83 84
83 86
83 90
83 91
83 95
83 99
88 1
88 7
88 10
88 14
88 16
88 22
88 23
88 26
88 29
88 32
88 44
88 48
88 49
88 57
88 63
88 65
88 71
88 72
88 74
88 79
88 81
88 85
88 86
88 89
88 91
88 94
88 97
88 99
89 1
89 5
89 6
89 10
89 14
89 20
89 22
89 27
89 29
89 30
89 33
89 42
89 43
89 45
89 48
89 52
89 54
89 55
89 61
89 63
89 65
89 71
89 74
89 76
89 84
89 86
89 87
89 94
89 99
92 5
92 7
92 12
92 20
92 21
92 22
92 26
92 27
92 34
92 43
92 44
92 48
92 51
92 55
92 56
92 57
92 63
92 65
92 68
92 72
92 74
92 76
92 77
92 82
92 84
92 85
92 87
92 90
92 95
92 98
93 2
93 5
93 6
93 10
93 11
93 12
93 16
93 20
93 21
93 43
93 45
93 46
93 55
93 58
93 61
93 64
93 71
93 76
93 77
93 86
93 87
93 95
93 96
93 97
93 98
94 1
94 2
94 6
94 8
94 10
94 13
94 14
94 16
94 23
94 26
94 27
94 31
94 32
94 33
94 34
94 44
94 46
94 48
94 54
94 55
94 57
94 58
94 63
94 64
94 65
94 71
94 72
94 74
94 77
94 79
94 82
94 85
94 86
94 87
94 90
94 91
94 95
94 96
95 2
95 6
95 8
95 11
95 12
95 16
95 21
95 22
95 26
95 27
95 31
95 33
95 34
95 51
95 53
95 54
95 55
95 56
95 61
95 63
95 64
95 65
95 72
95 74
95 77
95 79
95 81
95 82
95 84
95 87
95 90
95 91
95 96
95 98
98 2
98 6
98 7
98 8
98 10
98 14
98 16
98 21
98 23
98 29
98 33
98 34
98 42
98 44
98 51
98 55
98 57
98 58
98 61
98 74
98 76
98 77
98 79
98 81
98 82
98 84
98 87
98 90
98 96
98 99
99 1
99 2
99 5
99 11
99 22
99 23
99 31
99 33
99 43
99 44
99 46
99 48
99 52
99 53
99 54
99 55
99 56
99 58
99 63
99 64
99 65
99 68
99 72
99 79
99 82
99 87
99 90
99 91
99 96
1 10
1 11
1 12
1 13
1 14
1 20
1 21
1 22
1 23
1 26
1 29
1 30
1 31
1 33
1 42
1 45
1 49
1 52
1 53
1 55
1 57
1 58
1 65
1 71
1 74
1 76
1 77
1 84
1 85
1 86
1 87
1 97
10 5
10 6
10 7
10 8
10 11
10 16
10 21
10 30
10 32
10 34
10 42
10 51
10 52
10 53
10 55
10 56
10 65
10 68
10 71
10 72
10 74
10 77
10 82
10 84
10 85
10 87
10 90
10 91
11 2
11 5
11 6
11 8
11 12
11 14
11 16
11 20
11 21
11 23
11 26
11 27
11 31
11 33
11 44
11 45
11 46
11 52
11 54
11 56
11 57
11 61
11 65
11 68
11 76
11 77
11 81
11 85
11 90
12 7
12 13
12 14
12 26
12 27
12 30
12 32
12 34
12 44
12 48
12 52
12 53
12 54
12 56
12 58
12 64
12 71
12 74
12 77
12 79
12 84
12 85
12 86
12 90
12 91
12 96
13 2
13 7
13 8
13 14
13 21
13 23
13 31
13 34
13 42
13 45
13 46
13 49
13 51
13 54
13 55
13 57
13 63
13 64
13 65
13 68
13 74
13 76
13 77
13 79
13 82
13 84
13 85
13 86
13 87
13 91
13 96
13 97
14 5
14 6
14 7
14 16
14 22
14 23
14 27
14 29
14 30
14 31
14 34
14 42
14 43
14 45
14 48
14 49
14 51
14 52
14 55
14 63
14 64
14 72
14 76
14 77
14 81
14 82
14 84
14 85
14 87
14 91
14 96
20 6
20 7
20 8
20 22
20 23
20 29
20 30
20 31
20 33
20 43
20 44
20 45
20 46
20 48
20 52
20 53
20 54
20 63
20 64
20 65
20 68
20 71
20 76
20 82
20 87
20 90
20 91
20 96
21 2
21 6
21 8
21 22
21 23
21 31
21 32
21 33
21 34
21 44
21 46
21 51
21 52
21 54
21 61
21 68
21 72
21 74
21 76
21 79
21 82
21 85
21 86
21 96
21 97
22 2
22 5
22 30
22 32
22 33
22 34
22 44
22 45
22 49
22 51
22 53
22 57
22 58
22 61
22 76
22 79
22 81
22 84
22 91
22 97
23 5
23 7
23 26
23 27
23 31
23 32
23 33
23 34
23 43
23 49
23 51
23 54
23 55
23 56
23 58
23 61
23 63
23 64
23 65
23 68
23 71
23 77
23 79
23 82
23 84
23 87
23 90
23 91
23 96
26 5
26 6
26 16
26 27
26 34
26 42
26 44
26 45
26 51
26 53
26 56
26 58
26 64
26 71
26 72
26 77
26 79
26 81
26 86
26 87
26 91
26 96
29 2
29 27
29 30
29 32
29 34
29 42
29 44
29 46
29 49
29 52
29 54
29 57
29 61
29 64
29 65
29 68
29 72
29 76
29 77
29 82
29 84
29 85
29 86
29 90
29 91
29 96
30 27
30 31
30 34
30 42
30 44
30 46
30 48
30 49
30 51
30 54
30 55
30 64
30 68
30 71
30 74
30 77
30 81
30 82
30 85
30 86
30 97
31 2
31 16
31 27
31 32
31 42
31 43
31 46
31 52
31 56
31 58
31 63
31 65
31 68
31 71
31 72
31 74
31 76
31 77
31 79
31 82
31 84
31 85
31 87
31 90
31 97
33 2
33 5
33 7
33 8
33 16
33 34
33 42
33 43
33 46
33 48
33 52
33 53
33 56
33 58
33 63
33 68
33 71
33 72
33 76
33 81
33 82
33 86
33 90
33 97
42 5
42 7
42 8
42 27
42 32
42 34
42 45
42 46
42 48
42 51
42 54
42 57
42 61
42 63
42 64
42 65
42 74
42 81
42 86
42 87
42 91
45 2
45 6
45 34
45 43
45 44
45 51
45 52
45 54
45 58
45 63
45 65
45 68
45 71
45 79
45 84
45 85
45 87
45 90
45 91
45 96
49 5
49 16
49 43
49 44
49 48
49 53
49 54
49 58
49 64
49 68
49 71
49 72
49 77
49 79
49 82
49 85
49 97
52 2
52 5
52 6
52 7
52 16
52 27
52 34
52 43
52 46
52 51
52 53
52 57
52 58
52 63
52 68
52 71
52 77
52 79
52 82
52 90
52 96
52 97
53 5
53 6
53 7
53 8
53 27
53 44
53 48
53 54
53 56
53 57
53 58
53 61
53 63
53 65
53 68
53 71
53 74
53 76
53 79
53 85
53 90
53 96
55 6
55 7
55 16
55 27
55 46
55 61
55 63
55 65
55 71
55 74
55 76
55 79
55 81
55 85
55 86
55 90
57 5
57 6
57 7
57 32
57 43
57 44
57 51
57 54
57 56
57 58
57 61
57 74
57 76
57 77
57 79
57 82
57 84
57 87
57 90
57 96
57 97
58 5
58 8
58 32
58 34
58 44
58 48
58 51
58 54
58 56
58 61
58 63
58 64
58 72
58 76
58 81
58 82
58 86
58 87
58 91
58 97
65 2
65 6
65 7
65 27
65 32
65 34
65 46
65 56
65 64
65 68
65 72
65 74
65 77
65 79
65 81
65 84
65 87
65 96
65 97
71 2
71 7
71 16
71 34
71 43
71 48
71 54
71 56
71 63
71 74
71 77
71 81
71 82
71 84
71 85
71 86
71 87
71 91
74 2
74 6
74 7
74 8
74 43
74 44
74 46
74 48
74 61
74 63
74 64
74 76
74 77
74 81
74 85
74 96
74 97
76 2
76 5
76 8
76 27
76 32
76 44
76 51
76 54
76 77
76 85
76 86
76 96
77 5
77 7
77 16
77 27
77 32
77 43
77 44
77 46
77 48
77 51
77 56
77 63
77 64
77 79
77 84
77 85
77 87
77 90
77 91
77 97
84 2
84 6
84 7
84 8
84 16
84 27
84 34
84 43
84 51
84 54
84 56
84 61
84 63
84 72
84 82
84 85
84 86
84 87
84 90
84 97
85 2
85 6
85 7
85 8
85 27
85 32
85 43
85 51
85 56
85 61
85 63
85 68
85 72
85 79
85 86
85 90
85 96
85 97
86 2
86 6
86 7
86 8
86 16
86 27
86 34
86 43
86 44
86 54
86 61
86 63
86 72
86 81
86 82
86 90
86 91
86 97
87 2
87 5
87 6
87 7
87 27
87 32
87 44
87 46
87 48
87 54
87 64
87 72
87 79
87 81
87 82
87 91
87 96
97 5
97 7
97 8
97 16
97 27
97 32
97 48
97 56
97 64
97 72
97 90
97 91
97 96
2 6
2 7
2 8
2 16
2 27
2 32
2 46
2 48
2 64
2 68
2 81
2 91
2 96
6 5
6 8
6 27
6 32
6 46
6 48
6 56
6 68
6 72
6 90
6 91
6 96
7 5
7 8
7 34
7 43
7 61
7 63
7 79
7 81
7 82
7 90
8 5
8 32
8 34
8 43
8 48
8 51
8 54
8 64
8 91
16 43
16 46
16 48
16 61
16 63
16 64
16 72
16 82
16 90
16 91
16 96
27 32
27 34
27 44
27 46
27 48
27 51
27 54
27 56
27 61
27 63
27 64
27 79
27 81
27 90
27 96
32 46
32 54
32 56
32 61
32 64
32 81
32 82
32 91
46 5
46 44
46 54
46 56
46 61
46 63
46 90
46 91
48 34
48 51
48 63
48 68
48 82
48 96
64 5
64 43
64 51
64 56
64 63
64 79
64 82
68 5
68 44
68 56
68 72
68 79
68 81
68 90
68 91
68 96
81 34
81 56
81 61
81 63
81 79
81 91
81 96
91 43
91 44
91 56
91 79
91 90
96 43
96 44
96 51
96 54
96 56
96 63
96 79
96 82
96 90
5 43
5 44
5 51
5 61
5 72
44 51
44 54
44 56
44 63
44 90
51 43
51 56
51 61
51 79
51 82
56 34
56 54
56 61
56 72
56 79
56 90
72 43
72 54
72 61
79 34
79 43
79 54
79 63
79 82
90 43
90 61
90 63
90 82
34 43
34 61
43 54
43 82
61 54
61 63
